15274
27040
23000
3944
16063
22682
2967
18530
19050
11786
19762
15377
19227
2297
21661
20331
15746
12458
21534
4969
14146
19069
26791
18954
26605
10003
16995
15514
9775
27315
15247
18228
23881
5356
20875
15750
28353
11132
13361
3284
23640
3185
24421
16191
20029
11150
29421
17480
18816
16112
15492
8848
10953
7922
10281
30433
14666
23885
2749
25714
26098
22404
31437
23143
2788
18559
11181
21144
16167
7541
32454
28051
4767
4624
16176
4068
17980
22476
15236
25748
21617
19617
12779
26863
24040
1249
17019
25994
20084
11363
23492
30853
20039
737
21925
5390
21349
30623
11877
7206
26456
10317
7678
29352
29989
18223
29628
14471
13184
11387
29191
1367
32572
5891
7293
19983
14853
24595
11333
22541
337
9885
7839
23898
20884
13715
4543
17968
27059
10645
25563
7097
700
6604
18563
6170
12244
18454
18481
30640
31345
7267
24097
28569
3785
28511
10338
28023
3210
26705
24110
1136
20427
29250
119
11130
17986
3171
30914
12501
9400
31145
6712
1752
4283
5050
14586
19953
4755
17676
19382
16360
25463
28235
19320
24675
27648
15100
17858
5807
1757
10593
21726
5309
23497
18844
29299
12139
26298
30742
22615
3077
32603
5922
25508
18188
29885
3038
11790
30774
4425
602
20851
14261
6906
15613
2484
2236
9161
29476
10436
19776
15976
779
4350
9980
27442
31473
10684
27063
20835
15735
549
713
6276
17738
5702
31196
30250
19457
27237
28400
17376
22601
28817
14754
12642
30527
27774
3501
26380
9501
18832
18609
11409
10521
5942
19763
26608
26762
8057
3813
2212
30029
19413
13352
13083
23399
19527
28880
16490
29163
13479
32295
26175
13087
1080
21556
6935
24538
19326
2109
2737
29232
25679
29834
11970
9041
28717
3436
24554
2223
4307
1918
29415
3167
3854
13099
13833
17602
25550
12656
25317
28516
22397
26083
22606
4900
11151
18933
12417
3478
603
1396
1952
4005
31017
28756
1634
19837
10380
25006
1288
26024
32498
28681
23187
17270
10617
1753
11316
163
32516
30021
20740
2612
8591
23085
7669
3234
18879
4460
11784
27450
28861
1626
31425
18116
19525
3989
22745
22371
20730
14338
11570
7612
12029
6414
28176
12122
31933
10810
17541
8785
1041
10710
25133
23586
25988
780
24348
18399
1519
21793
13333
14224
31310
32760
9468
29908
26060
23000
12174
17612
32288
29294
21072
25396
10780
1814
16325
14547
28291
3158
20964
20758
7452
28843
20937
21240
31236
31881
26539
292
19272
29597
18190
1374
1715
23381
27450
2847
4581
2722
30699
28031
18597
26365
4682
31832
15737
29352
17948
7337
26739
4150
19258
18488
14413
8013
16193
12412
14777
22187
10122
2233
18674
32615
20317
15213
407
30073
22113
3819
24761
4477
855
32070
19763
24500
12040
17264
31289
18508
23420
27555
22580
3297
19309
22272
1997
16195
11771
2679
840
5498
12962
17126
29204
16135
6504
5253
23200
8045
4955
6529
9840
4592
1850
29671
11375
6813
3699
9924
13703
10378
15949
2699
12143
19807
4455
24758
452
3605
1377
19120
14684
12542
16601
10227
32215
11526
21913
8045
1398
7736
29454
22569
31537
25476
7421
9515
2819
18879
14961
10396
2185
26603
4344
12839
25547
4281
14
23714
24666
32076
4314
12017
17051
5440
11800
17447
26466
30699
6231
16111
31170
10978
27236
3115
15140
4543
16902
14554
4503
4898
24811
24383
20583
3830
23011
28480
28401
2550
7756
22028
8629
12911
32717
18688
2477
8775
31304
14284
28126
574
23049
10705
13100
29300
4676
2766
1650
23596
22462
10940
27858
4303
21450
29942
11850
23092
887
8861
20104
24606
5896
27707
2048
1798
26020
32422
32059
11291
18767
14120
5234
25224
30489
27356
12635
5621
10133
15707
16707
13904
9101
19096
19805
20685
2292
10249
1882
14891
23580
264
1081
11834
14634
21112
6497
2202
14790
2475
4077
31429
25367
2691
8775
25423
12270
24792
30712
10861
2881
8474
5054
18357
20188
15416
26591
21796
6739
19136
1214
21349
5691
4935
5548
848
30617
20491
8192
30898
22427
30679
14442
19020
13190
3623
8836
798
10480
16013
3754
14565
16943
18259
27148
27618
26385
30562
29953
5085
17870
17250
5023
32362
18490
13859
3208
25195
26943
16444
10758
19670
32395
10994
29019
19128
19078
12891
25682
29818
27271
2755
282
15971
30023
21838
29780
12895
23958
18399
12651
30463
27980
3129
25892
18368
27779
6756
30326
17040
18691
4691
2459
11918
20990
22723
14695
8210
23550
31590
31449
7661
24859
8257
24304
11250
29041
1106
9919
24245
2001
19831
24004
23698
5815
13195
28278
28657
24956
17618
25885
3785
30157
18839
21734
31587
22876
2835
4919
25185
16341
401
15680
6654
23828
11728
15315
26263
10133
8617
14709
26731
7980
31729
16053
5791
27638
23457
26812
27525
27023
3636
28198
9757
29317
32081
26128
17628
13
8106
1394
7597
29173
28964
18096
14134
4826
13880
12139
18268
11419
3737
10397
31497
16653
6935
7397
27436
15089
15043
20767
25346
11043
9044
11064
23445
26132
22729
23360
20610
5497
18512
6849
20990
4677
2663
30288
30747
6869
4161
21857
6984
14699
16491
13408
30231
28382
18095
17661
5188
30096
6969
26823
13042
12447
1272
14844
30263
7008
6983
5791
6107
19721
2765
25036
29533
25773
8609
28489
4919
29038
26290
19805
9059
10990
16487
24805
27934
3590
28290
1956
16364
12731
23370
13531
27612
26733
2025
15385
12557
338
6163
15957
18545
15907
16616
27962
27089
20757
7964
6338
29458
30475
14421
15110
5302
522
11220
30293
10150
26605
22104
14723
4142
10586
27967
32387
21065
9460
21743
22328
15135
10962
13940
15497
17356
25649
6250
21428
4451
25445
32542
7652
13874
28694
22512
17925
6216
25512
13308
215
8501
10747
5625
13121
6929
14933
22368
21225
24256
7324
26833
13569
14195
20169
29108
16228
8050
7833
4892
12257
14874
19333
20976
28118
12065
1269
27724
6657
19234
6321
7717
20628
2389
26008
6444
20871
27293
26260
13301
818
15817
27085
5209
795
15635
18461
22809
14605
9453
12485
1731
8298
10238
23902
15322
15297
25703
16914
28721
26275
15946
3595
17304
31155
17293
4140
8122
29949
31963
21503
12614
9353
20460
2799
31821
29487
22279
5560
4076
24492
20933
16923
7466
18422
4887
4310
29987
32461
4234
6099
12903
24467
30410
21664
4509
21597
26469
799
15724
586
17362
19583
4507
4116
10674
25194
6518
15076
1109
23168
19828
11627
22400
24069
21528
19758
10094
470
18965
29217
8724
23202
21941
15480
28074
8534
2427
31930
16486
31705
23048
25111
9611
15866
11067
25339
5026
13991
14492
5091
14343
23903
23803
24688
7080
29673
32084
23225
1290
28743
6902
5350
15245
17126
20708
14587
4080
19735
16508
21233
19991
7107
12630
267
31756
14937
26735
32359
2629
12812
31367
15316
22821
2364
7623
31459
14276
22321
16039
8001
16371
16399
23567
10819
13179
27910
28348
5315
16038
21706
24550
31531
17409
26691
21280
20431
5471
30597
18303
1920
15905
25346
21502
29789
17077
27902
801
17133
31069
16196
4569
19819
24626
31000
5544
14689
5224
22892
19973
4985
20179
22871
9474
23951
2474
19138
9004
17162
13196
20325
23219
26477
5056
15346
3531
809
17345
15247
5201
17078
25082
18314
17586
7137
25038
18248
25609
3432
7387
27775
24967
31940
2432
8101
24856
9798
15004
4265
22851
21349
3225
16352
18514
19287
9130
4930
17588
12766
8016
19414
27807
18533
10019
28523
30970
17739
13519
31369
30585
13695
16221
28327
28682
7245
11188
4254
31088
17783
9823
27486
301
32136
19088
27360
19110
9317
14949
9052
27010
20005
3179
6331
15187
26146
12897
6735
9336
2128
15678
1730
5186
1230
8821
3148
5205
16827
26231
14633
26449
28491
20601
28747
31410
16922
2936
5708
12277
10176
22651
2726
16637
10661
13849
16678
17332
29207
8506
3998
4341
10137
21282
987
4778
4734
8363
21974
15665
16567
24273
18990
14341
7146
28788
6358
31130
9668
24922
11275
23176
20111
12916
19338
25580
6663
15202
2047
23819
1641
17720
31424
23609
27086
17027
11707
24314
14775
18567
16302
11622
28905
11723
6294
3282
1915
29144
17001
1452
12589
21053
14855
16551
22011
12502
19566
16152
30962
12110
21550
29344
323
9187
27422
30732
6550
19305
25676
31097
6560
23698
8762
31676
11768
24684
7495
6913
12838
29739
11883
31409
28925
22569
29223
27802
16172
28715
22460
4938
9231
6374
12444
955
1227
30402
21534
10806
1433
8669
11125
30321
5474
21331
14819
4859
22413
30653
29994
11225
24597
19191
580
2162
30174
24871
10835
31912
20297
16634
7131
30024
32006
29489
19503
9124
30505
11101
3369
3198
128
28134
11038
32296
21540
22354
10001
12778
20815
26820
24871
7332
6509
32195
18267
12980
21622
20285
23667
8986
3962
10188
11059
19930
27006
11575
31184
31138
646
25404
20904
3245
24819
19341
12079
19687
16655
18200
28205
27474
743
7307
17959
24232
10841
18456
27418
20802
9581
30838
9840
9784
19689
23848
31788
22986
21279
10753
12392
16639
5386
29672
16641
27787
409
19161
10129
13046
2891
13612
30621
9723
22524
28698
11536
30511
8959
6525
16104
4067
1388
9943
18992
24650
6331
19862
26926
10719
10130
16534
2781
18689
24796
26344
24222
16864
16667
28626
10282
5277
9727
26646
4043
7341
16439
13431
17100
32639
22407
5498
30765
28254
5403
6250
11676
16280
18459
6558
12449
8928
22655
15359
18457
29937
23589
31172
4581
30324
544
12928
26851
27172
18516
23135
26397
24112
12096
11948
22593
9440
24602
5015
12370
16508
31009
32566
23196
18026
29743
5577
29933
32150
23437
23362
19202
15383
16652
7685
9792
18447
11089
32492
17829
16338
28017
14990
4605
19787
7358
6081
25177
10396
6368
8029
25789
11781
23079
323
32537
2823
31263
19102
15482
18121
10853
20841
6786
10682
3514
31026
19222
18552
10070
13597
15958
13809
21630
27435
2258
8392
1113
7356
31226
24570
8704
30803
30423
12993
25812
14490
27897
14264
31508
29862
29105
24384
17071
17787
24960
23843
1110
25811
5070
23928
25814
10523
30431
199
165
703
10244
25453
26042
24231
23566
13377
24482
4610
11272
7799
18897
13122
6694
2757
23606
1127
25336
31685
9746
21121
28387
2459
11017
28272
30674
16599
22138
8943
14121
26781
14604
19409
12283
29699
17545
29321
27004
8890
31216
5104
11705
5361
15813
29507
8326
22134
18092
7787
17080
9502
23094
1922
13717
30312
19451
22418
21129
93
29417
24224
27419
18874
2267
17641
17694
1361
10349
24939
10028
15533
23823
22951
2384
3573
31065
28326
15875
274
10143
6970
10074
14356
26820
26502
19581
32466
30035
5568
25435
32209
13515
3126
8860
5224
16187
8335
28631
7713
7439
10324
15878
10081
14634
29359
12343
21836
14645
3954
21636
1251
12342
1882
2884
25967
24420
27030
28291
4643
31034
21123
19888
28413
6858
20410
4502
19693
28500
17740
7310
6457
12823
14412
31474
7200
615
8846
30676
2750
15872
13231
27120
28719
21914
9045
19680
12791
20413
30904
31375
13217
28119
27490
6384
23975
10124
16691
4080
2962
28749
19879
7081
9570
31532
30300
20184
26672
28910
24782
6545
8722
19554
11621
10289
25919
20722
25523
11925
30324
20344
29686
29577
31382
11603
29157
12419
10136
25017
27817
6546
31903
23886
2089
8593
17764
4086
15242
20128
27866
232
22774
13013
25362
11525
17053
23854
6747
8039
28922
22218
24493
30780
11864
89
4680
21973
11156
25554
32408
21498
21028
20068
24668
5505
30552
18094
20487
3103
21728
13106
8038
29309
27279
17671
27012
11406
11615
31439
22987
545
10164
20457
28267
26546
28389
27624
14848
18822
4600
26179
26735
3319
26029
29261
2832
15372
20927
1896
28691
3916
870
22902
2332
18900
10528
13713
9521
7080
7089
5884
470
32327
6248
2137
30582
16258
28837
9500
17669
11917
21144
20287
16100
8023
3915
27960
25861
14359
483
17448
9295
15655
31779
16981
18244
20246
23601
19930
23009
20217
12189
27549
1221
23809
1951
21122
9110
9555
25248
16094
6817
28435
20220
6703
12224
8642
11015
19210
27265
13515
9806
16724
16260
15704
26655
4789
2853
3690
32587
15178
8027
7977
32554
22170
26848
11129
28128
25804
28563
17101
26591
28695
13850
14656
7341
9849
15563
12002
2280
15276
11213
8527
4487
10070
26746
15239
25698
4992
6664
22521
16885
3913
24937
26849
5216
23003
18543
15060
30643
22943
11316
17817
5993
5037
9913
32571
1330
14215
15309
25948
27894
4870
19761
12492
18966
660
6649
26459
501
12700
19765
16363
1975
16191
24529
3273
27976
6985
20922
8253
1440
12131
32322
24415
31814
10378
4038
30509
1555
29887
22158
26587
3897
18688
1780
23146
2692
17272
8905
29820
17887
32243
4596
7783
26649
9364
11868
28552
31721
25802
18185
13530
11312
18560
24198
17862
5503
20884
10377
6973
20697
27019
2773
23813
7098
31107
9568
22864
16727
15976
9649
6803
10536
11627
27021
3989
11940
31920
13522
31175
9804
9287
32419
5587
13290
27486
6597
12919
22043
21941
15433
10644
19211
1362
10860
28546
12928
25717
2235
11431
4378
11214
6523
5448
6361
6382
26951
29598
23263
26876
12027
6189
18039
27561
25297
9297
6487
16997
20682
25370
9506
8148
10832
9305
3633
7035
23321
19963
26515
28096
9550
6038
20562
10257
18669
9282
30200
15715
14956
28330
8274
28382
11423
15203
10868
28886
29147
1404
3325
23550
30812
6486
23965
16088
26084
20917
26580
25456
5797
11032
17148
7498
865
8518
2441
13209
21200
2858
5520
15281
6722
26848
26246
30655
4485
22544
5195
3512
15881
8827
29542
10895
22850
6867
20115
26027
30286
15312
22907
30872
10968
15744
16578
7933
16188
5343
31558
13006
10731
4519
16550
22722
23058
3689
18690
20744
5494
26333
14850
16438
28066
10359
25882
1154
4165
12602
15116
27444
30422
12497
6318
23131
14713
16348
20717
17087
2342
392
6162
28184
5384
866
13380
32125
24355
20333
5966
11295
17466
25713
17827
10807
15088
2199
11935
9277
3629
10803
23056
19035
5827
17121
3829
27681
14418
28883
22406
31866
9577
14953
1652
4575
12013
12290
8561
14026
8895
24595
21747
7790
32153
20854
21813
4517
29753
30724
20607
10282
6082
22373
22184
8712
6495
18471
23001
30034
28969
4878
11411
25621
27723
22187
8436
11915
26211
27440
11574
13713
12844
14467
14712
8539
30043
12945
31425
24679
31686
28645
32578
4783
17867
3705
20443
13603
22000
23244
19169
8534
455
27956
7199
13688
18965
12662
30234
14468
32306
3220
28826
20154
11955
5350
12389
4688
13127
4204
15438
9317
18399
11619
9070
18998
1298
10518
22706
27284
14271
22775
26518
32662
23540
18926
26159
20619
16142
27121
18543
2098
3362
28629
30885
31534
19868
30052
22851
12980
4902
30639
5092
3975
25292
12710
22925
6438
5725
1253
30771
19779
15892
25809
27006
888
17783
30692
16077
14646
24448
25413
3706
23038
32251
29852
18015
22483
22575
7716
1945
10223
17600
30978
28555
30645
27348
16853
29222
11751
3701
910
10600
3097
31799
25730
15907
1125
22554
18877
19968
5985
21425
17561
29379
20046
3972
32400
20177
9618
11188
5967
17135
31593
19421
10507
12620
22231
4672
26392
29122
6881
22050
2744
23385
31228
6511
561
1805
15814
419
5666
12241
14068
22506
30998
21459
27019
21638
30042
31490
18772
14706
11532
18126
6793
69
8309
12078
19157
8024
28313
4328
22140
10795
1035
28941
3541
20741
11270
6594
20225
987
14266
29766
2007
15475
12260
17457
5150
13258
17569
10234
19455
1714
28548
700
22201
3519
31718
13114
5527
27748
27005
15392
15136
7002
23857
16780
25229
29249
5162
32716
15232
29834
3374
8042
7666
26004
23594
2661
6765
26645
23566
9922
23164
11452
13022
6723
25953
29717
23558
31607
7429
26540
11503
5107
1845
3701
1999
6110
14090
24683
12485
30387
27305
15736
31013
10562
12589
19349
13585
8440
11490
50
12105
15457
17844
22744
3907
25835
24551
1805
25983
14829
27400
4984
21013
27879
23843
15429
31120
13068
28214
4811
15358
28669
10214
7276
25160
32216
7537
31421
13760
13937
24548
24295
13817
8671
654
19534
24795
28219
17332
28272
16630
5284
11654
1551
13847
20358
17234
12690
11289
17948
3832
5289
13310
4404
8862
9008
13119
32051
25252
4950
7519
11608
11226
15102
27590
1093
10737
23653
18381
30139
29232
9733
6934
9637
13928
27066
31262
30808
9258
20260
7445
30745
17463
1356
23277
13279
28216
14218
23217
31579
9392
18854
28440
7222
27950
7997
20570
1178
30919
29286
10306
28403
12483
32150
9348
31479
31639
31937
850
22500
19988
18882
20010
25608
23773
6141
14066
25991
542
4931
19270
16473
11131
26102
29201
19858
25671
27245
26458
14310
20471
2969
10849
364
10454
6377
4587
5794
5882
4460
31450
4786
29558
10806
17664
6387
19409
5124
4661
26547
14775
17443
31655
2100
25327
17549
12658
16372
13709
20310
14449
10033
13417
14662
14931
2221
26575
28616
7153
28335
18040
3586
19934
330
10937
19782
2880
6625
10235
21673
31455
12267
21611
11249
26236
756
23283
21941
31844
9700
26984
21695
20293
20356
20229
8373
2111
5182
24344
19961
32574
27941
27643
27853
11656
12341
28230
25531
11922
24027
11331
18740
17176
26552
30114
119
2668
21666
18286
7604
26127
26091
27712
21873
15230
8678
27827
31534
2126
26536
25623
21316
31867
28684
3434
15379
3838
24570
7300
29276
16541
20456
14225
29932
263
27808
9412
19323
27168
5444
74
13523
17818
6800
3709
53
4293
864
32347
5624
29352
31346
12342
29555
22608
18796
21676
7709
11112
1313
30682
20979
22282
20240
19661
28442
3797
20525
19769
27334
3136
20709
366
18266
13869
4700
1159
22481
26306
19705
6373
21084
17268
30756
24796
30284
23396
16206
4011
18739
32751
18482
9906
12102
2944
11867
4831
25350
2729
22503
15978
4128
31603
1930
27330
5521
5874
20438
26311
13069
22812
19385
30009
9634
15067
16455
30576
30617
21088
3001
12366
1949
19899
1462
13171
2847
31656
13522
21679
4088
22188
32085
11197
16720
18017
11581
46
29631
2830
2438
12707
15539
1915
16552
28735
6418
23812
26210
22876
26400
3563
23734
19581
14242
6643
20021
3204
14916
18730
7548
294
18744
6406
28159
11419
22560
32691
10757
10650
18990
31148
10740
17796
29577
5513
24783
2784
18931
29207
12797
20487
2218
25262
21580
7712
19339
11711
26165
1103
25981
6573
5986
11050
30221
15326
2925
15469
598
15889
23019
29422
5412
3570
20393
26323
10841
10987
21813
27138
27023
1598
7840
2265
29694
10577
2179
800
18848
5704
17984
20795
2452
5849
17802
2468
4545
27996
27432
15001
16827
7202
3317
3090
25834
14088
19756
15862
2025
29516
15074
22158
15660
27039
23508
5434
5350
15995
867
32099
19497
9398
6877
3504
30543
28248
16126
30589
11162
8106
22199
27273
27671
14479
1837
18670
24008
10263
10501
22359
1793
7762
8927
15725
7699
12386
19744
27282
11048
724
17141
13010
366
28209
17557
14358
21368
20943
3782
29595
26337
2285
19362
29603
11058
13823
155
8555
14341
22599
7613
9052
30315
24485
4659
12165
31116
12976
2573
25161
19085
23301
14656
27989
11191
19424
22510
13014
5845
30441
13288
8424
31453
9040
31602
24913
31955
15131
9542
12655
16363
703
6619
30319
30958
28398
486
25024
20702
3249
24098
14791
23261
12214
19532
6869
8523
23275
7538
17494
3631
5964
8558
17995
13016
11512
19374
8954
12996
29323
5430
14563
21952
9896
16359
2295
1361
2005
24321
11525
14675
7820
18663
4725
6112
28046
22050
19768
19571
31867
4521
5887
23117
28832
15967
20139
28184
10256
21982
3077
29387
2806
25715
7088
28109
1833
26217
30556
26205
27137
2699
3643
23601
3178
32228
29113
4445
1334
9417
14952
11127
21944
25882
14649
28665
17550
26052
18674
8166
23230
26506
21468
14001
14085
6918
25020
4186
11115
6122
16901
15066
22811
22924
9804
30401
15986
25762
16636
11038
27478
31305
15435
20639
20425
31821
7533
6137
22717
26276
26631
20362
20266
571
5606
19517
11615
13558
14065
22959
24214
4850
19804
30096
7370
5389
14879
23115
24781
6312
19879
7401
6293
3243
20683
25138
6102
28618
6657
28438
30423
1031
722
6220
21374
23416
20875
21817
10412
8779
27446
31251
12241
18951
25032
23878
183
31252
12956
27671
25506
27006
18720
29319
2459
1526
6607
6778
7945
3098
26975
26136
27777
29942
5179
10612
31199
23754
27187
18283
26518
18189
29298
13776
29252
25523
11185
3270
21642
14764
7339
9580
31514
23213
18641
3008
16145
1074
23870
18365
6792
20932
10733
16839
2917
25719
15146
17993
6263
9144
10054
27805
11459
31557
25743
25900
15640
14973
15231
29398
27626
30938
10548
5012
8029
9148
17952
7259
15775
6504
1282
19524
891
30032
24085
6891
10539
29077
14983
17940
18798
458
13356
25237
16091
2811
32116
29808
27509
23789
1435
21055
7807
20648
11551
22485
3218
12339
7799
11298
3564
19359
7938
7767
5899
24390
27710
24139
8059
12117
31034
5149
27372
31880
8270
6940
26759
13877
7433
25571
7298
3468
25195
16840
18418
19997
8532
10104
17121
8091
4925
5851
15521
5343
23846
18494
22111
11311
7887
19632
19451
9409
555
12204
7960
19835
24338
23545
30831
12541
18230
18383
13160
17121
3672
11323
18411
29249
8892
19396
1651
17786
18906
3151
23141
25392
5462
26688
1697
11411
9266
31458
4182
19680
1091
11273
19482
25130
18401
16118
16698
9050
9187
18554
22350
10101
10699
20575
529
12829
29245
8707
24432
10587
19382
4166
31713
6299
16762
12454
12534
25848
3790
20905
21042
5818
21096
12412
7195
23581
5668
12761
6544
10581
32504
8749
29533
6606
14634
16635
24077
30392
29888
7035
6656
1731
1593
31368
14781
2855
32634
26553
8840
3560
21771
3533
31544
25944
25475
30796
32067
4317
26945
30315
23579
21236
18525
9520
14013
11382
9438
25816
18310
7451
13102
15734
17993
19772
19147
30428
12448
1245
4414
26558
27775
5098
20817
16405
30991
4033
21117
21186
8633
2545
17570
8820
26496
9281
5115
13771
5269
9717
14672
30398
11813
30284
23149
8506
14454
8269
20180
1291
306
17347
23727
7936
25603
6023
16904
19786
15711
24829
24124
8998
32678
1249
4013
8124
7786
5444
6584
19526
17421
209
9959
1396
1426
18261
15207
29711
2221
22399
11196
30942
20508
31204
27571
4038
8762
27973
18840
28212
15826
6165
27050
24768
20785
29494
5580
11274
26495
4612
13693
29928
16463
27540
522
29636
17780
18749
19202
30527
4886
32344
24299
31258
17926
19781
27699
20567
1103
7599
28266
12187
29710
26640
31662
5847
5251
31351
1638
22823
11623
31369
26419
20475
18560
18629
17187
30836
26996
10509
8744
17
30683
21602
18889
1162
3991
22512
12312
2812
11112
25930
6884
29255
23995
30710
16175
25780
3011
29740
29922
3292
24267
8923
21184
4549
24523
12013
18073
7757
28985
1996
32192
30668
6945
19749
12735
26613
23928
10220
11592
32253
31918
13472
7535
27392
31874
25296
791
32160
15642
28126
22698
239
28243
21251
16398
655
19798
26771
19668
17431
24684
31362
16050
23481
9491
4136
16435
18466
25681
16193
32173
31650
8520
12344
10356
8845
22027
14245
14925
10465
29360
10516
3365
17192
21158
18184
6915
32416
7241
29759
31292
7322
16052
2616
27110
15648
470
30963
654
7386
23753
5112
24366
27187
1630
12442
21081
30135
29693
31101
31673
16831
15020
6998
20923
13649
1645
12018
29577
30274
7117
1146
22329
11933
6074
13301
10307
16713
24981
5902
27193
12773
904
4119
13234
17399
23834
16975
5512
5446
25600
8032
579
14212
26422
28204
18900
3376
2127
11977
32135
28091
24330
32714
20531
21738
31525
26817
18099
8571
14454
11778
19610
9995
6455
4521
291
5943
6818
9694
20583
1538
14270
5207
11475
3446
3704
32543
31960
21647
23285
24214
4324
32084
15655
186
13714
15943
31902
3492
13854
11007
16033
13653
25371
28692
25214
27315
29032
1595
30750
20431
17760
8370
1244
14185
32337
23263
2711
24502
22063
26932
1286
19041
10634
20821
20812
21967
15294
28029
13261
31655
2922
16158
28735
22674
19235
21703
10244
24895
21097
18251
29367
26795
6873
4640
25861
23455
7589
19205
31166
21882
9538
31975
4395
29232
26464
10758
31395
403
31519
14676
15449
32721
32640
21277
3448
30526
1561
28909
13938
12116
5646
9391
19348
19704
23356
23314
30175
18431
21943
7473
15891
23025
7543
5490
3596
18957
3662
23470
23633
14989
28701
19603
13803
23339
28488
28743
6771
9443
31079
13390
24175
763
21055
31918
2015
3393
29936
20561
22802
14228
5487
9386
32190
6821
22071
3228
3664
14847
1596
20119
23937
27461
31521
9732
17450
17083
23466
13283
24409
10504
28276
25266
29860
32315
16612
16785
28861
28171
14941
6821
13383
22883
28598
18618
8936
31006
19179
4140
10400
7695
23314
32519
10585
12868
24721
6253
3775
24459
27023
20280
26705
32566
4776
5089
20920
14108
16357
31137
4952
26592
25067
14037
12582
20598
7026
1191
23481
2786
23289
8683
30627
17987
15544
32071
12033
25105
18647
19095
16721
20131
25053
1935
1412
22260
30571
13218
21076
14246
20778
16163
16600
10055
1538
30123
32086
13268
29581
26554
6744
6523
18891
6049
6658
30373
32535
28063
8610
308
16473
14154
2953
8457
12670
13872
19226
5066
4645
447
22304
32226
6811
16482
3685
3273
9482
31725
19072
3717
30445
5435
5358
8817
16071
6933
12900
26429
6677
2134
30820
18998
14209
11597
8463
23495
26968
18531
4410
19776
15422
4606
17603
31703
26145
16293
21797
11501
8555
16996
20043
24466
18556
17522
17826
22346
17751
10769
26482
17425
10651
6582
28270
11166
694
20330
14730
30693
15957
16240
29708
20191
13086
19496
998
6029
8610
4915
12867
20539
16781
5592
16992
6658
12064
16550
27293
7568
19682
5723
25556
11564
28050
517
745
18420
23135
5223
4258
25193
2396
12446
21433
6190
6190
27653
304
11021
24327
9557
1765
29499
12249
5905
25702
9437
5571
26913
1542
3786
10448
1468
22065
13971
18912
13708
30972
30145
23270
18189
26112
31837
18260
17719
21609
23734
28884
348
11594
1118
21561
29779
30772
18038
31413
15062
30214
23339
2892
12585
24070
30849
4232
29180
28977
26704
18031
15507
22480
16267
1202
1572
32076
6856
6439
14977
24131
1021
9849
28662
31963
25992
23327
4725
28503
11891
5258
18928
15592
3061
17059
8199
31941
23612
8052
10467
27517
15977
3877
13154
27276
25565
15403
17524
7725
1715
17340
25029
7536
10637
1670
28572
26764
1172
29088
9731
6518
17338
21441
24872
691
31299
4784
20739
12394
28547
21755
19513
32701
10473
29676
19008
16473
21820
18873
18628
5196
32037
12283
8266
536
7406
16993
3092
27909
2953
14758
26948
26555
21204
29376
28996
5391
23835
30299
29540
2846
7134
5253
20933
27800
3029
26795
17783
11359
14898
22980
11742
12113
12070
27340
28506
16481
24998
28532
9510
2797
6255
31000
10881
3916
23624
4081
16140
17830
24455
3212
19060
25352
32470
9594
848
29879
16183
1354
32077
17861
27974
31924
25224
17123
16830
9495
23611
20598
12095
1830
28316
18157
15695
6621
19458
2385
5278
11707
25418
27165
8334
6187
11641
21073
27122
13123
32418
24258
3862
1456
24075
26548
32001
9969
10635
9898
19958
13252
2102
28285
28993
26334
28733
10668
48
10719
17423
4851
25695
12933
19140
23583
13112
32
1980
14112
25275
19782
13699
30048
15227
18887
26616
12627
11241
12515
6575
13904
24789
4027
10387
6815
18226
20486
1488
16339
23322
23301
7408
11609
26642
26809
13891
31058
7822
20307
22661
13214
8888
26348
28091
1849
30829
21878
12126
1483
28808
22259
7611
20858
31588
21989
1690
6403
1180
26629
24350
6665
15381
823
29932
7597
28735
32446
14991
9054
23959
13484
13084
11762
6001
22429
16657
26358
28148
20645
23683
3139
30054
14727
29817
23506
4778
18216
32659
29138
12550
14403
32751
19703
1322
7261
32332
27924
366
1788
16496
16364
24412
788
16072
20550
25198
23234
7503
27455
14360
1852
11184
12260
6409
23817
12463
15616
4015
18541
1221
28979
2041
11816
16394
28996
3168
17504
32601
26808
21544
30683
1198
14500
1763
12657
14034
2239
22840
4033
17467
28347
26338
26916
27949
8150
28155
10719
14630
24748
20347
25245
7033
10063
30972
6940
19257
9113
7104
15654
21080
8641
21748
11203
6160
31533
11062
23213
27266
2439
1366
31236
19358
20499
32345
2627
1346
20288
15044
27763
18598
13949
8983
17054
23799
26701
10135
13447
8514
1182
29008
27800
26004
27991
9307
24860
24416
31024
5981
15790
15648
18630
9296
241
7487
29167
30342
8834
27703
30026
31210
21803
28151
12827
20362
14682
30343
19542
27474
5073
5614
14586
16154
23710
15188
25760
5860
14926
4964
10324
2654
15710
9716
163
10159
28658
30440
15093
15215
3529
11859
3358
23031
30833
3040
19247
3548
15287
10609
12178
20406
13922
20741
26966
11046
15137
27103
25799
13591
15809
16613
578
14147
24739
12358
12103
13561
30318
27231
5584
11550
19457
27616
21985
15731
20140
22826
32097
2837
25247
19196
12840
5194
32162
20047
16985
20346
23047
7038
3826
15228
21981
18602
1185
17684
21095
31581
5850
9657
10189
23917
28966
8091
272
22820
21182
15076
13379
24733
18520
26686
27385
17521
14401
11414
12026
23956
29868
14880
12090
3705
18506
6812
20747
24445
12570
20183
24977
14978
15747
1908
31606
2522
16288
23276
29920
15976
19163
7380
27040
257
12221
14943
13741
4888
27140
16419
29648
8859
13558
27936
21664
5400
14838
30462
25009
3620
3413
25494
265
13565
28010
7092
19667
32110
30693
6939
4952
30707
18784
25034
4906
27934
15159
2686
18338
18489
13210
10872
22925
5421
15328
24192
2083
5539
20766
10538
7737
12648
8953
1624
18359
17942
13496
22528
23371
6641
5278
4144
27743
30223
7542
15439
14665
11196
30319
21925
18882
2332
17706
31518
20890
274
17938
30794
11178
2657
16108
15785
265
31249
32686
11814
28803
23829
26005
26081
19014
5418
5234
24113
13279
15618
23109
4842
18533
6050
28940
3291
2292
3849
4829
30107
12637
1554
5171
6278
17692
411
30854
29954
26763
27879
13598
17927
23125
32065
5672
8926
8492
30946
31242
7464
16831
25877
22260
35
4326
24473
16055
5417
30240
10055
21723
4473
12864
6132
27371
4410
32355
7577
14100
17341
5925
25266
22767
11523
2069
15843
8346
8319
19302
8929
19469
22812
4583
6800
11947
21122
18229
1641
30488
18325
9774
13087
1867
31295
29098
32386
4836
10352
9574
5283
30655
21091
13121
2105
1225
13858
8363
19011
8978
9292
6234
17647
5412
4630
17470
7611
16532
3216
952
25306
13782
28970
20999
10201
27221
3958
28931
21890
22723
6191
11277
12545
31662
32123
18246
24133
22101
10349
28415
25001
32697
10190
15217
25812
25591
15389
7342
17117
12244
25812
17112
8115
6810
21229
22161
3773
547
25765
5554
3261
3379
3712
10304
20730
18443
21901
16796
14750
28474
16107
25081
22365
23735
22668
19475
23639
19245
16185
799
29248
25494
17878
25853
15294
18699
8680
13493
1298
5850
16724
10529
26619
1242
11625
21479
26327
9723
7969
29867
17164
29985
10404
3202
4774
9267
6158
17833
22850
24942
30578
887
10282
1792
19999
11920
2497
26834
1826
4444
15394
13477
8460
22711
32516
6240
2805
3306
30945
8872
21184
5850
30551
4530
2209
9600
3790
1109
31709
1945
23899
16740
13521
19871
29924
2362
20534
18423
12421
9622
8099
13676
31027
11178
13139
13788
15775
9326
12585
21809
8541
3898
7409
17043
10054
29332
30185
2013
23323
28487
19840
21837
15979
2485
15197
13695
31926
7533
21155
15772
10962
12032
31860
3535
5518
4113
23476
13816
25494
2476
7695
21157
3734
217
24125
30270
30626
18800
31620
12927
6870
6958
2687
22059
9785
23817
17183
13055
30695
15041
4079
32741
18288
14520
8860
11115
32379
14851
12724
12915
1199
11457
17326
20268
723
20651
11051
5185
24883
19437
6267
18512
1350
565
25699
5533
4751
25097
30749
25096
12993
7261
30369
25404
10534
31333
2851
17194
13633
17832
221
26806
2227
30294
2062
14511
21595
7131
19523
25349
12481
13236
16341
4150
26037
25217
16563
778
21811
17244
31329
640
3466
16746
10561
8200
18109
12207
8978
11762
20266
4903
18614
31271
11113
21266
17720
8471
28023
17295
15885
3314
1812
15980
22682
29979
7017
15933
14583
29146
5102
12203
24051
30801
31883
27919
32344
21169
27390
6208
19312
26797
30076
18088
15559
27695
31899
13214
18739
15946
19567
27888
12562
8305
22771
11710
15827
1510
6571
23439
6840
6516
18568
22942
10969
19297
2060
9845
109
31647
13486
30653
22853
5186
25984
18517
17561
10295
24591
3233
22023
27186
907
293
2521
4072
28456
18258
16007
30079
26563
17567
26492
5442
16585
30684
23837
10138
19541
14531
28168
32569
5784
5585
5529
30105
28798
17492
31667
31653
3470
22212
8637
8886
14611
11606
24810
12736
26233
21711
7614
6862
8441
18326
21710
25771
7801
17678
25799
23778
31149
13090
14769
9705
22403
15906
15733
30106
31678
10957
12701
6114
4320
3759
22108
2493
10062
25261
718
16482
12207
9182
4736
28858
29845
30364
19507
27415
22367
32731
9693
24355
21598
26810
2545
7191
4662
16472
480
8493
135
12265
27104
4695
18893
13577
4588
25905
7301
22095
28684
23092
3986
1574
18390
5677
9694
10200
27445
28654
13636
27372
30825
17988
13486
28850
14671
29225
13690
28700
2019
10554
3107
19407
23555
25707
27677
20090
26230
7929
31488
359
23852
416
7913
20816
23751
19983
3101
30067
859
7833
22000
19688
10354
20013
1766
9779
22100
7304
1047
9494
26757
25257
16344
15017
29582
27525
32663
25516
23040
17661
14599
8475
12983
7437
19070
24323
25692
32582
4763
15765
6701
1662
11051
28792
30209
22214
19277
10340
9094
29596
5333
15085
12494
18018
20719
31900
20490
26895
24581
324
26261
2341
24802
13971
3380
30435
21271
3304
26012
13499
14493
8804
26932
6918
31421
9284
5405
25591
5677
23150
6000
13261
21116
4425
25030
29005
2223
21970
17662
624
15661
14317
31290
16729
4312
1784
15659
15753
19837
15526
23439
7510
4462
2571
24055
13209
24173
15091
11726
7592
4044
25464
23703
32132
31699
3028
28790
9299
17506
20083
23026
16656
6871
7245
30457
26497
31538
7026
18212
873
8824
21478
13629
3072
17493
7856
6655
2976
17412
2862
23580
20417
29812
11947
20869
21799
9123
4659
17893
17498
30030
12966
19054
4695
20685
18188
13017
6533
26169
16680
25512
16106
3791
15440
21935
30623
3225
20092
29394
17025
27979
28572
12304
27178
5227
27439
2241
8992
12468
4113
16155
23115
8381
4756
1531
18349
2774
21715
30691
6477
11314
2371
32574
19060
9036
25483
5100
31516
14723
19350
29178
23462
28679
18150
11697
203
21497
3115
18643
13269
24014
29972
11553
4879
24565
16997
12320
5754
18617
26186
1053
19649
15208
18666
14959
25711
17589
15168
15100
21856
11867
3110
21759
15989
13827
29619
19720
19340
11112
18631
3140
14256
14777
13540
21758
16268
24639
23104
8294
6182
24127
8216
2449
15818
5666
6470
27074
12099
11219
14614
2536
26962
25193
19030
3431
13912
32006
23724
31259
9814
9982
7213
410
17175
10044
18218
28602
21676
25314
13901
25172
18969
29488
10981
11847
6734
21159
22399
5567
12633
25966
22198
13239
15833
24820
1100
16572
29366
22231
27769
5364
4367
26373
17794
2912
20084
23841
10126
10846
27478
15656
30390
13682
3515
852
13147
3141
13366
6976
9404
31470
21783
21070
4551
24433
32223
18758
31792
18565
1783
10559
4545
29083
12193
8131
18417
16411
13870
26158
21943
9713
16498
22615
32672
3400
10357
24178
27168
12693
363
11829
26149
2520
26854
10042
27634
10271
30795
20133
14379
12875
27266
11782
16172
22550
18930
6529
27295
27221
15021
8492
21838
30587
13543
12728
31029
4447
17325
10324
988
8255
7124
24014
17636
26372
7983
27899
27359
7367
8197
14426
613
16277
30913
29428
27492
1135
19436
12422
14519
2197
89
16610
11770
10245
19871
23187
20381
7486
27852
22720
14648
20041
16728
4179
11806
27386
3672
89
6197
16500
3060
25004
26885
26091
28955
22992
4366
9902
17782
21788
351
19812
3994
19482
27492
13461
13185
30768
13056
16493
5435
15231
18139
9661
21473
16395
21246
8771
12491
4636
413
2603
30466
14821
15923
20181
30456
6244
11989
25305
27255
2953
22463
8009
21720
7578
7476
3638
13173
17366
6021
15989
4705
28761
28015
1186
22870
31551
10409
19814
25838
9996
14526
25846
16406
17484
6169
22492
4544
14454
18270
20730
4825
27670
4865
6348
8315
25643
22289
6637
15971
2766
13652
3805
7589
27413
29081
15617
31646
25655
26698
24811
27947
6129
21313
12252
27160
6184
20700
4743
11484
6095
24916
32024
14979
8971
20042
2165
9963
8853
12451
12484
26931
11873
2198
23853
21617
29565
7171
5345
2211
12603
3847
1371
28649
4498
27341
15846
7153
24770
1703
17503
6066
26679
1885
26428
349
28848
26821
28877
144
12192
17811
8130
27853
9172
20851
2286
14380
9559
14677
17994
29260
11411
24072
5949
30607
5304
7435
22042
8327
23906
7072
26347
1451
12150
18465
877
11087
10572
1431
2139
10707
13844
13705
10223
9754
29810
5138
9639
11837
28780
6710
32581
20097
13446
23158
10009
29319
30251
2978
13186
26307
24911
13807
10163
3631
18259
13898
14771
8257
13609
3051
14759
794
13496
9260
32340
5632
15746
6300
31456
14
6276
4943
25048
22314
15197
19833
31096
13112
24243
23611
1318
397
21459
16317
26687
11431
23959
26749
26134
27675
4237
9959
9018
20686
32341
14629
19448
24936
12363
27448
1057
23302
13671
32072
1038
27184
18273
17464
1760
28682
19224
14462
28172
10190
12340
26418
15896
16505
29706
31076
22687
16069
19393
17843
6043
15192
14771
8219
11748
20795
4630
23567
28915
20621
13020
13512
28652
2425
29399
4060
31708
17253
3105
19986
1342
13420
1467
7797
29381
3343
24692
1959
21845
27687
2829
7032
7506
20254
24986
2231
13598
21087
15403
32585
9437
22027
20652
6775
9084
23278
27658
17804
14577
11185
18072
20128
21956
9809
30640
7087
974
14800
19613
13806
5185
27690
1720
8030
28392
31882
17618
9889
26288
30142
7122
11533
14184
17640
8863
4863
4293
10359
30017
15985
21161
2902
29507
28623
24228
8291
15707
22791
8892
21027
13901
10976
16745
23220
2828
3212
31460
6147
1570
12672
15265
28735
12883
387
29722
23181
4221
1797
7631
24573
25795
6067
4491
10428
24298
27464
4840
27020
8707
5286
13589
17778
28491
4389
31959
30638
30799
25131
25550
23024
7252
25853
8442
6857
5365
23764
23166
14432
22030
25396
9379
4966
9433
12921
29215
11852
10839
32435
22936
27827
1266
20659
21604
26404
7520
5990
23187
9985
17098
25442
47
24251
21038
191
30658
29254
27906
25384
7705
25546
794
6193
29512
30876
13259
13291
9454
10860
19025
27575
3514
14528
22894
21335
20014
28321
14932
28747
25251
28819
29381
5978
23182
9931
18041
18543
5377
6045
30656
31910
9845
17972
31592
6823
19398
27013
9185
1331
3711
3973
1951
30716
32344
154
9920
9914
9213
30544
5103
21115
4369
78
9352
18746
12659
5768
27644
948
16832
20406
1656
21879
3865
11524
30401
25404
25638
25611
7011
21366
18266
13312
32522
27947
28281
6955
2096
6403
2904
155
19448
30879
21989
9753
2138
2091
30566
30298
2433
32311
15110
889
32369
24002
10125
18852
237
28312
26223
2581
21656
4063
7176
21059
8538
6380
5414
858
11525
15451
28104
28137
22585
8542
5413
21979
25221
10069
21232
29353
14798
1951
12763
16334
22773
18864
29530
12666
31156
15716
28841
8586
7625
28563
3344
2232
13143
19686
7526
22543
22665
26345
26836
1699
632
3937
9947
10110
2895
15839
7832
7133
27565
29589
19271
13725
9034
4457
10759
24048
5342
21576
5340
5204
22846
27581
20218
22982
19912
24258
9793
23602
25090
13014
19972
30255
26750
2383
22286
22249
28417
9970
26855
26206
25059
6593
8275
14798
32441
28948
14108
11372
23090
15339
22801
28762
32063
16771
19023
11220
23927
10279
17087
30380
13497
32329
8928
19446
31763
22993
26055
17412
3554
437
29796
10901
13115
21962
15878
17737
8330
26842
14881
24152
9593
246
14160
26500
5140
29197
7062
18764
9002
1726
31209
12899
20470
27499
8433
31584
766
20367
1805
29367
31804
12625
14231
9448
19068
1881
9577
29942
20997
15586
1695
6427
9851
13328
7583
20410
15364
17028
4951
24725
13226
23599
18118
15936
18177
24675
13758
23510
5897
15664
25320
2794
25173
23789
23816
30144
26221
4629
19330
2493
28786
30037
9246
26141
24832
27106
28168
8932
10072
15376
13851
1047
30655
3617
6238
27947
16673
1882
719
10430
9722
31069
5472
22661
31863
28594
17216
8582
6616
23975
6491
26759
27928
24154
20004
12998
11472
15124
32402
32490
7257
11224
15464
10810
11312
1596
20922
13837
31135
20088
23981
385
29082
24253
11902
19312
6888
6344
31942
4256
19331
21942
27644
6714
19776
2074
29755
20606
13746
17485
6469
9652
30028
8965
4809
11622
25031
12841
18913
13260
16323
26596
20447
27016
4017
19449
12873
30612
8688
19286
20514
3960
13878
27115
5227
19392
10802
18108
14826
29869
31600
9781
31786
32043
8316
30398
22979
19459
32074
912
19419
9554
30421
18887
5869
18490
27143
9144
6346
5335
2521
16004
14301
20084
26811
3566
22450
19967
12598
12905
30394
14523
20944
1397
22856
3893
8240
16428
26080
10361
14210
28696
5809
28037
5661
11848
9312
26878
15971
19619
19975
32546
24297
28028
25214
25086
17881
14694
28377
5601
9108
10057
13873
6672
24731
2741
22184
2491
2735
23671
16295
18736
7479
29034
23914
4943
10467
5008
7615
31550
7823
12641
12810
13918
16746
5987
12941
17021
1111
26619
1766
15437
22163
17795
14297
31252
9112
25244
3664
16038
2626
27846
9120
6289
3889
1326
18190
16791
20078
15302
23698
4705
28753
16539
6363
24177
26018
16228
16018
19545
12030
6486
16611
32298
13180
28992
28474
7728
27281
15827
3658
9180
23857
22081
596
25858
16951
11531
28326
18245
14855
11539
28258
9679
28018
27897
19072
16197
5082
11428
20758
16377
9366
20767
12759
15458
14231
21159
986
12234
22860
20738
22686
21319
21956
16914
74
24812
16147
28329
25401
5952
13046
12703
5301
4335
9146
11554
771
17600
10329
27214
26785
16839
6119
5885
25291
31708
29740
21985
20803
15436
26515
21712
25426
2766
23107
7518
30218
8888
25227
21425
10191
18546
5251
22417
17686
4907
29936
31679
29291
32460
4969
18312
14265
23082
4024
30361
20678
25984
3715
11029
26365
13596
24876
1509
6256
11352
25845
6480
28701
9420
23912
27083
13168
5570
19958
28946
10506
20458
5854
22391
15553
8528
22864
22394
9448
30090
26322
32667
27856
17974
16356
18028
2190
28580
26079
9450
22015
15823
1059
11021
12042
17810
13425
17054
28965
24088
25238
5193
7707
20117
4938
17139
31244
1075
4695
29006
19125
25680
19454
17834
7153
3814
21910
24590
11648
9546
26998
30343
28168
26906
23061
3008
10073
18288
16496
29651
16373
9308
27052
7007
13776
31378
18429
17627
13908
9055
27334
12329
30632
23266
16898
24686
14130
21624
12514
29730
347
29560
13239
17251
9874
31777
7443
14479
403
20688
11819
5905
29417
3958
3712
9339
13745
9034
26303
26582
29090
7867
8933
29493
11850
29097
8102
27537
2970
20436
18192
17104
25509
23445
24684
22567
14757
26828
5989
29346
6719
27673
32364
18945
20744
27215
4186
4550
5959
31781
30039
14988
8189
14895
3835
23962
9506
9485
4020
1720
23090
24035
8552
20546
26600
17161
24411
1402
21833
17667
10066
16162
485
1971
1529
11851
5466
9165
17026
2408
2073
7308
19855
20390
10605
23971
5970
22144
18105
21879
4338
21901
22529
32651
23857
25757
21931
29499
29773
8197
7047
19118
16163
26423
32014
30214
28058
27030
28391
20185
3135
30088
27056
32741
7469
15820
27130
5375
14384
2318
12693
18253
30250
32696
11791
22965
11189
3084
10359
6549
14089
112
8806
22453
25889
30728
1089
28026
12825
9610
184
8796
26843
1102
20882
1433
26106
8101
12717
4139
478
25708
14400
8952
26146
12513
31076
13642
21050
5813
4051
18302
4953
866
29679
28160
13201
17086
17414
2167
9277
4048
25044
31036
26524
10211
2377
28945
32190
5082
17549
8976
6308
7107
24898
29921
23459
6319
19209
32560
10761
6336
28487
29278
18691
2435
3625
13175
22718
23680
7397
17765
26829
23056
7491
21091
11211
5743
3677
27060
3649
15634
23202
17812
13513
9787
26401
11631
9588
27338
10245
18513
8298
27222
24155
29598
27600
30588
25372
29187
5871
7799
9063
1708
30866
14833
12814
20663
27823
18969
4692
31465
5450
16886
8181
5024
8855
16123
14439
8457
26207
24283
2400
17811
13988
10143
10392
2212
25480
13813
22736
6026
17515
9675
8211
4788
8276
26908
4924
15138
30098
266
31416
5146
25763
19758
13453
19741
16980
25900
30619
2073
5418
12426
23586
20448
513
12482
19845
21209
27635
12693
18766
13813
19323
21411
3953
5093
218
9529
10197
31883
9658
15722
24848
2222
8722
3425
11379
22001
2121
23541
31558
32518
31902
8062
340
25631
11207
10727
171
22437
5336
23301
669
813
10855
19751
8714
6312
3822
12271
19170
9177
28784
17760
4837
4109
18272
13623
4013
13830
31934
10879
19951
1592
15235
28512
19966
9016
28991
31544
10640
113
16897
9965
18117
22809
29559
31617
15461
4963
4950
20198
19305
25590
23804
8980
4542
17823
8789
31578
23109
6466
15355
7153
11806
535
17569
26583
2854
21010
9137
20698
25534
6819
11060
3571
19407
13728
19699
3030
30475
23168
10971
19399
27765
5065
1702
9391
4899
10443
21688
6767
31810
20367
30279
16244
3676
15115
24255
21644
30166
22935
10341
6904
32445
22437
23610
3266
15298
15020
28962
28497
7810
10341
17989
29754
25867
11834
7350
23641
156
7420
21587
20769
22957
19668
28652
26672
5423
23932
9383
1318
16149
18094
30882
3512
32275
19677
13531
9216
13478
11812
11853
23319
13140
7036
10844
6630
24629
21041
25203
8249
30642
27031
27372
25109
19085
10489
304
11596
7458
31186
1311
19790
3052
19007
8626
8514
6474
29621
26846
22614
18563
31215
26300
18515
27144
13867
28648
4724
31994
17046
12071
2680
18924
14853
13900
5110
6890
8165
5724
27121
13498
1141
17136
1196
30049
14643
17627
4543
15338
10643
13
12907
32098
11255
4279
29739
11047
24284
944
14219
20067
26193
28184
31037
31955
7598
10299
12650
2765
4482
12215
15686
7809
21965
29922
1767
2175
3184
5990
24407
1401
12257
22062
16104
19786
30243
13958
24519
4920
24566
9853
26324
23414
18507
7822
3761
18925
2042
1664
2329
20029
439
24971
2676
20734
10819
1468
13224
17995
24799
25243
20017
18817
11270
6922
3700
9796
11867
30320
20560
29379
26593
27927
503
7997
5994
21459
12540
7877
20562
27365
28077
3394
6252
21534
30882
30393
8765
13384
28310
9167
30568
961
26230
3977
10090
21097
13752
27223
20103
702
20206
20049
2308
16454
28315
2240
9879
13614
2629
7392
12828
17200
13771
25572
8585
17338
29433
28219
16932
4940
8026
2578
13556
27681
29773
4890
3957
21523
19803
28555
29840
8633
10440
24169
14793
23762
5736
31494
27835
32230
2228
6600
19649
20778
15389
25132
3319
165
10401
18955
29281
2449
12699
22044
8809
8452
2015
17339
13711
19407
29190
32744
25180
11686
28423
3987
21655
21378
26376
19735
1212
32068
24179
7940
9130
10907
24395
3105
28316
28455
3265
20657
32602
20959
5378
22774
27825
15280
30036
17652
20256
14694
17505
22903
32212
5328
30418
599
6103
2335
21024
18939
11652
5776
423
27164
7742
14667
509
22987
32353
1930
22145
31926
6521
31485
15671
22439
25778
26990
21715
28237
30096
28833
26899
11839
20704
22910
22866
2878
9711
13937
19803
12474
18937
16658
11387
27800
2020
15105
2778
14131
6190
22036
266
31905
21797
26549
8673
2871
32598
27525
644
19279
9799
6470
2245
9288
2409
4599
29615
13007
1352
26688
21086
13405
24837
2065
23829
19457
4102
16775
25738
1120
15340
31503
19332
13050
10949
20173
16040
8367
21891
5951
7824
7041
17070
12061
20510
21915
31061
26756
26384
13715
8266
32596
24276
31724
7567
2775
21917
25055
18955
12963
32182
5466
3457
10945
14615
13898
30403
15118
4918
14614
9251
21986
3359
21099
4139
496
28615
20543
5774
7021
6301
1040
17757
12405
29795
8813
20094
31914
7228
15288
11611
18462
18694
12842
21719
11635
4329
20759
31110
2880
9008
26996
19485
9399
30296
6038
14375
13701
7271
5692
31482
31994
12672
17104
9962
1130
6323
14058
26300
9427
31513
6934
5470
4031
15649
5847
32213
24428
24101
492
22390
29227
30273
15057
21081
5382
18020
18057
18443
16805
3751
7579
25731
29555
7902
19035
23383
22524
21869
15466
32048
24217
94
30080
16764
27472
21680
29545
6242
12534
28657
31566
6395
30358
6159
10806
24511
19479
11627
28364
12605
29208
815
20579
13584
31007
4578
10039
23822
23539
14393
10742
19650
6470
32304
29823
21789
4247
3674
27625
22632
9815
22901
9159
10877
29515
6210
10410
16695
817
8084
21480
18727
26278
15014
3228
29320
7239
32689
6638
2677
5399
21182
27285
13402
22561
2745
30106
22441
2398
27848
6238
5582
22488
29147
5598
23652
5904
2691
6966
26537
1949
21767
28004
18735
4887
31157
9295
18133
32563
8566
5896
9718
23599
15013
23887
14048
12913
33
2649
13448
13163
30369
1232
19580
29121
21576
8220
25368
25774
1658
23265
26621
15012
18925
26312
20159
16178
2307
23939
32734
22571
29783
18187
22008
24069
2453
21804
31548
21375
31888
30788
15138
16518
13966
12616
7257
13402
24550
17671
22273
13037
10190
13491
31515
4492
15982
8093
23358
1728
13625
29248
3979
29047
14716
1665
9443
7007
23863
6453
19543
31379
25133
14564
7903
13945
15159
4556
18767
29674
14301
15145
13448
11412
3623
27060
32235
5533
14001
11114
21524
22921
20222
4238
3012
10590
30222
26097
286
26886
22323
25713
6423
31476
22304
31168
30504
28427
5955
3687
15173
6331
17237
27914
23571
20589
23855
12013
29014
25633
31455
20919
680
31573
11003
23158
11889
29225
29493
10724
15635
28610
7472
26089
29797
15340
17810
7264
16227
6147
24923
798
32292
7955
11637
31024
4620
28990
15499
11621
31298
11870
5919
3597
5220
1004
8663
26111
21882
21025
15896
19169
3881
11354
22742
16547
5418
14529
23467
13901
22266
13098
13350
16379
16850
5947
25957
12837
32473
13776
22502
548
24985
14749
23450
4082
6831
24342
4155
15666
711
25483
10208
30064
4552
28568
14287
2985
22092
188
2962
4366
339
5704
11853
2309
23096
9595
7758
7793
12004
6379
24294
15923
5185
24358
23671
15089
2801
19610
22223
24085
23617
21682
17844
2585
17240
24130
27584
20995
14005
14117
2928
10795
26072
27429
29303
5700
16190
538
20312
30874
4755
26966
1331
26265
8996
3137
29151
9871
16019
24641
23098
15027
11214
26589
28861
7525
1601
28961
10836
4791
22859
4932
21868
13101
4079
12168
10061
5057
3277
31074
13226
12074
32336
18907
630
29790
17192
16950
14330
7766
29435
467
805
14609
24407
29523
17955
30683
8428
29949
11569
16591
1272
24672
10159
4507
28418
13626
30582
8579
715
27545
19053
25769
10882
12608
4695
21643
19767
5708
3823
8653
18834
27928
15927
13113
2245
24925
9997
5636
15807
2718
12799
17234
9378
32195
1120
24317
22136
8708
4507
21394
1314
19720
22216
28573
13200
27214
29821
26663
15928
12749
6887
25724
18368
12759
31769
30514
24062
12355
14499
10342
27427
9931
31335
30025
18227
24243
12712
26844
32185
28588
10340
12791
7096
9719
24548
23184
6628
5069
27793
1082
14098
20991
17417
19948
22254
13274
12658
18180
14572
29261
25615
5003
7041
4686
19472
9659
8082
2681
14767
12478
45
27642
29304
14521
29303
4782
12520
25609
16869
8325
16954
29133
31919
18475
13950
31140
17538
10983
22251
22712
6006
19907
22134
28667
9535
27117
28836
6064
1191
7261
27292
27694
23868
14520
10880
22496
22853
17268
22781
32401
29691
22334
16673
28134
30710
31128
25197
14124
16870
8903
26924
22100
7043
31980
259
2620
17095
7793
13768
561
29018
17318
22167
1201
30798
19372
3875
29557
17420
31891
11083
20655
23694
21183
14574
10640
13775
24464
31743
2573
25728
31554
26844
24035
2813
19985
6363
25304
4735
29857
27942
4164
1171
17310
21450
6097
6347
28319
25354
25471
19123
5713
16121
13547
3078
465
32072
18896
26402
1881
31580
10702
9658
26655
23203
362
20427
9082
5929
11863
5841
1351
27750
24820
314
29579
31835
30485
27163
16218
27869
29702
10530
31991
28464
14797
30412
10044
26071
26544
24791
4668
7339
503
25339
28968
18219
18163
30677
29551
14611
21823
13860
15657
3376
1862
20023
16054
11890
10245
31654
12194
30531
25875
16193
12492
23319
8670
30022
22984
20036
4151
7127
13697
24597
12817
23978
29219
15129
10373
13571
18488
32705
29722
15071
23825
11562
2628
30322
9319
3128
25642
16596
1346
20708
27308
4344
17946
26071
25509
17373
1084
5687
17517
13576
14960
2497
3491
15153
6873
18200
5161
23869
16412
12380
23407
21356
31173
11775
25845
10452
14310
31700
6411
4366
23040
19561
11484
17967
25895
13975
10666
761
25954
8535
31067
27987
32337
8663
7221
1271
28434
32718
27622
27243
3428
21516
4039
4658
31757
30037
1633
14403
8314
10095
26673
10170
7078
16506
18344
10958
19005
14464
21110
14083
4096
22349
6152
10656
29291
29825
6479
10340
18069
32227
1476
31349
30297
14328
18857
28057
8371
27861
20881
7080
6508
32049
10018
9282
3066
1982
19226
11965
17826
6842
28816
18529
27359
9152
32125
29400
7175
4581
29818
30432
19756
24064
11211
20291
21824
27977
30109
16393
30845
550
7564
28140
29188
12097
24424
2572
16581
222
15161
26084
15262
20588
19072
893
12487
30297
31424
30177
5229
20011
20797
9683
669
16589
7172
20157
6244
18726
13355
18410
26677
9968
13658
28149
3466
13256
20107
16514
9166
3713
4109
2091
9339
4286
23247
6334
28800
17088
21723
933
2277
16764
1825
20133
15025
19185
2166
716
16908
25784
23004
10148
10401
20701
22532
32429
25414
17645
26129
4874
29407
5968
13727
29051
3199
22233
20484
7307
3281
156
17621
4363
15031
18432
8621
28350
7472
9493
5929
6486
26751
7463
28471
26015
18058
31123
14481
9979
32384
24793
19332
12558
16318
1523
3062
8634
5108
25061
3239
1870
15491
11158
30647
14074
32554
478
24681
26503
9698
31712
25126
25668
13830
5018
12485
27716
8887
7866
32265
4550
32383
18867
22635
11765
28724
18705
26394
15570
28448
13577
10049
13678
2654
17237
3720
12892
16263
21311
14045
32358
9359
32763
30580
22911
26857
11577
3852
2553
29170
16891
17269
3576
5772
1444
6735
295
15881
21330
3860
2729
26188
5998
27225
26451
21802
19330
7760
25624
30998
25674
19602
23748
15614
26125
22811
4846
21360
4909
11926
28967
15617
26878
6108
3704
3567
24276
21175
1548
14085
7008
16363
30505
21951
5180
21623
16741
20399
19396
12312
20758
15647
8488
32015
4106
26360
26303
32036
20088
23523
12958
26603
14391
24749
7530
32326
10798
16368
25450
30507
31756
15600
7136
10663
4665
11715
31386
6179
19468
181
20420
16615
8766
12522
14848
22492
2462
28229
16057
19862
28167
31881
15539
18321
22927
3518
27879
28091
7170
7127
25999
12595
1679
1425
21373
28753
4032
29342
23984
7142
29616
17155
26409
16837
9336
3519
8955
8322
7914
29357
11938
10361
30594
17323
9877
3602
13209
18684
26911
20804
17116
9451
31594
24152
11517
6833
17629
11248
18344
15513
5287
31303
2233
17762
9628
6074
18604
8421
5185
20104
2388
26616
31522
24534
5328
21393
10604
12278
2236
27439
10167
2024
8612
29301
32548
4129
23230
23064
30376
26764
13784
14332
15015
463
16271
2714
8901
7119
9154
19365
2553
3446
26182
5613
27875
14772
5083
25219
16991
21955
32607
8478
16986
25776
24386
12221
3812
3095
24378
30094
29575
9774
31288
9487
11991
13572
12442
26995
31307
6923
28322
839
17483
15573
14119
6229
20618
28699
26250
15049
12950
23555
8684
27538
22190
11938
18078
7179
3283
19392
28121
29403
18977
22748
22704
22554
5216
19056
22594
3253
19415
22135
1588
20755
18272
28715
24927
24312
30402
12563
8901
15018
32570
21309
24266
8019
1627
8393
18081
2727
7961
31911
7684
11206
3360
26784
14632
14692
21098
11419
5872
29479
15120
793
27489
21072
23392
28419
11862
11678
13361
7845
628
21615
29043
32762
2145
25897
30474
27178
29233
25304
12253
81
27425
19993
21289
12674
10120
17718
5148
31244
12554
28562
28575
18939
17167
14408
3187
13538
19315
7183
24959
20184
25472
3681
5736
23233
21785
14812
21091
11727
55
8168
27975
27720
13466
23450
14055
905
21432
3032
18590
1355
20218
10430
5419
18469
22055
18497
10943
29010
18976
5650
23381
19381
18383
709
16194
4122
24410
28211
17933
703
19356
20765
18816
2579
15829
10770
22271
8893
4512
12690
8985
21728
32038
6515
23389
3741
4498
23428
19055
2010
8133
23409
603
4930
21834
24550
296
141
9612
9975
945
29698
21318
6592
31408
22330
11836
25416
22044
18214
22825
28332
6837
9044
11256
4217
30173
8813
1590
24409
17321
4099
9672
32754
15160
6025
21977
26635
13635
16547
2583
23792
16630
161
14879
12568
31486
1349
4405
1286
23268
7373
17977
3949
27289
24365
12246
12439
7250
31901
26877
21767
12949
21843
6546
27486
28308
16018
14181
29051
30907
6371
21347
23782
14213
7075
18190
25199
2195
31165
22058
24850
4095
17337
6329
29726
4590
10998
16682
28823
2660
2611
4814
20952
30557
22356
7307
22908
2329
25187
3028
26239
11447
1494
11224
18337
9477
11280
25850
3339
9623
20010
20610
7477
9238
20466
13458
4359
21467
23860
31835
6975
32700
11321
144
32530
13862
18830
13339
23062
31597
20742
2320
17759
30303
14338
8671
4584
19231
3312
8909
9269
6193
20498
14245
13111
18897
18817
8618
28272
14217
113
25041
20312
16386
14262
21293
6654
22299
5000
18859
20722
14904
19587
2303
8291
16092
5105
10206
1157
28539
3404
13166
12085
27273
255
9979
28896
14295
11373
3051
10401
2079
21300
22004
32681
4830
30131
20364
29668
1633
20682
10913
30170
15907
2784
2443
7635
13142
12843
5183
15422
23488
28715
28101
18771
27336
5752
7660
30712
10449
26814
17212
28641
21702
18438
8492
29436
17398
9015
24213
29196
13347
20700
2151
21651
981
13863
11419
30710
17652
24374
8552
10716
23958
27798
19642
8663
11030
31238
32736
15942
23398
25213
15236
2170
28838
1390
28641
17431
8949
29002
3376
3517
5255
5959
30819
19688
3063
27744
14358
32021
10463
7068
28099
4647
18087
11668
28469
31752
410
18735
5183
3475
4671
29105
3245
19122
29414
26100
21115
25027
897
1268
3141
21569
8117
23442
29695
4768
23345
16273
5606
3960
22591
7141
31670
3558
27800
21037
6174
12080
2173
21886
1649
935
5123
25186
29342
8914
13999
30752
15714
3784
15682
30526
12476
26334
4566
2373
22690
11650
31274
13764
21490
9575
4155
18583
12715
2531
10516
28009
11869
9877
7654
9336
26078
4682
11099
29848
19775
4385
23336
32379
2302
25070
11234
21807
29565
31453
27410
16360
26547
31064
30091
18688
9250
18730
20987
15932
23049
18148
22977
1617
15578
24959
25598
28583
9710
32580
9967
23644
8312
10729
17274
28556
29112
17917
12038
8144
29041
22918
28560
21252
18076
9704
24059
26446
23646
6408
25256
19803
9016
22962
24647
6124
29310
29496
16621
9362
7690
25692
22886
16821
5169
5488
5836
30171
6134
31164
10840
19495
27518
24608
10105
18976
32452
14075
18467
29365
30350
18251
19306
31357
8096
11029
8783
4419
8751
775
24282
25793
2456
12124
6505
16556
29778
4096
16455
28657
33
4084
1408
17215
18061
32757
24308
24773
32147
1112
19627
16701
4250
6713
22888
32297
17833
30676
2433
21852
17110
19507
11245
1469
2050
8714
16799
26952
12483
27103
28434
28757
4770
28525
11302
25117
2951
15947
9770
1658
5233
14793
2106
7406
27754
27675
7627
17639
28603
20665
900
15169
28508
7685
23120
4365
7342
21038
12465
16273
23916
1877
5719
15759
7135
21231
3569
31179
26450
13419
20803
24263
30918
22292
7032
17361
28647
11064
28090
28479
23614
6794
513
3578
26279
23493
24616
17465
12038
10642
18758
15247
12854
24748
27963
21032
19522
18754
7817
20304
10968
3997
30822
16692
17402
12290
11023
26605
9463
23002
25182
20922
11674
3600
31391
3213
2977
31931
30624
4298
2672
26109
29191
18763
2823
554
28392
23719
14386
13613
21911
7092
19199
4392
30651
14666
29557
27739
24484
12106
14723
3655
22751
29919
27191
14355
26375
27140
25905
3118
7901
7239
24150
6454
5531
18636
26569
3097
23174
16276
22551
19834
11971
3071
24753
3670
28523
1680
26784
2023
26082
13297
32628
29384
29284
5431
31869
31067
17632
19814
7742
10600
6154
16440
15903
10502
8876
3610
27746
12991
13116
4472
2136
7407
10676
16698
10453
28781
17310
7311
26849
21101
28270
1001
27824
17829
5141
9033
13013
1711
5587
20924
1458
1967
26957
2597
8499
20277
3039
24894
24764
15973
16435
7386
2399
597
18963
20589
1107
13494
7291
8909
7585
28599
11763
8506
6945
22822
26395
17309
16293
26840
24456
1549
3700
28236
23758
15255
25338
6539
18398
32319
12477
2898
3219
24642
32659
12403
6023
17054
30739
27769
26155
29908
5193
22411
23831
493
18606
5011
22686
20155
14678
31903
11174
28001
20332
14471
182
18966
17116
27088
20817
5413
27727
2512
26499
3640
29532
11795
7609
5335
11516
15614
20694
8748
15935
21938
14466
4105
22334
28467
6597
20780
6737
29386
2006
32449
898
21927
10029
24360
25665
30155
9951
18937
18265
15909
25643
3397
20770
22011
27728
14367
28664
24460
20642
28251
28909
2548
221
10646
19643
31311
8121
2935
16637
20513
1471
9523
2462
18678
26202
22615
20113
18245
19249
13506
6594
16538
22964
30704
26957
22260
5877
4479
12783
8556
7610
20715
26041
26648
31440
8349
21260
22319
9122
29220
28609
28014
15114
16322
25768
10682
6246
18218
27956
15366
17647
24968
24436
15735
25414
7362
28741
13254
13648
31229
1991
25575
13380
30052
14861
14312
28418
15140
14361
15387
8871
11707
19719
30583
16734
8563
15240
9020
23417
28969
3986
1494
7872
20563
14422
29956
24584
32322
32371
17209
25352
16036
10857
7235
21609
15180
28496
5418
10780
13110
28106
29531
24048
6853
25398
28421
13924
4432
22822
29892
4537
20445
26899
10877
26444
29996
26704
15241
29475
21240
4157
12309
16326
8313
30397
21448
592
13869
27370
28583
31941
14040
2567
23350
23206
18890
8373
10464
15299
19040
11370
29081
24913
4301
4384
962
12604
14362
22346
31053
959
1388
1548
31009
28465
21638
28075
10176
1570
11662
30275
2855
15270
26644
18104
26102
25073
32592
22510
19920
30500
31659
18493
261
13415
5506
799
16238
4920
29990
4396
10905
15618
13351
9289
28966
6386
978
13340
18801
27654
7416
16067
32626
16231
23793
453
6625
248
13281
16200
23197
4655
18490
25477
7758
14628
29570
7802
24393
10215
31831
17886
24501
3607
12720
4954
16108
26800
19301
4854
32292
1061
13298
21970
14415
25775
8056
15638
4416
2276
5124
28971
8206
14987
18196
22828
22717
25007
29783
9879
14619
3570
4533
18761
15593
10788
1167
24489
23867
3604
15432
30499
7970
25254
22020
12504
30087
3110
11695
7827
31322
3804
66
27647
17133
8673
833
10264
21402
25649
5512
17120
30380
26624
27976
4947
31357
2130
26445
31132
6875
15558
23426
29065
6576
24498
6838
10557
19170
6773
31136
28709
6009
27657
3361
4653
15360
32216
31690
29491
17965
15057
2206
32443
5572
23738
15129
16357
25784
25544
18545
13725
6803
11373
8731
14098
28441
6001
19857
31849
8232
30788
26963
8114
16099
15763
811
10779
22544
2073
9142
355
31677
9144
13088
18834
26666
5832
6959
3816
23523
15279
19075
19475
21293
6321
32028
8357
13475
27146
28188
19396
12577
4666
22222
16163
23265
25761
24296
24114
14308
32331
25101
15762
21396
8461
11926
30412
5031
17617
8594
25666
21574
21294
17419
22886
3951
16700
19852
11049
5016
31654
12255
7351
3477
22784
4123
1121
27067
1627
20703
15578
20550
8727
4568
13991
16632
30969
18569
15825
4611
6525
22091
18397
22057
12654
16274
24061
28194
27059
26739
30600
18750
13420
31331
22696
6475
16702
22338
18771
32185
3050
15768
14460
27132
14629
542
8074
19250
13732
640
14857
12550
19318
13665
26015
32212
8598
31647
15938
25102
22977
5849
19113
9950
16517
26927
19712
3084
17307
25161
3040
15651
8822
15771
10110
8655
3356
30183
20259
3466
9525
4611
27356
4727
5473
11996
3442
31630
13007
27323
17052
12794
23820
5575
3444
4543
4120
19404
11048
29088
23743
23354
28146
25152
15142
7537
17482
26759
27557
9275
16474
14151
22996
24730
13234
11296
13801
9925
13117
5025
14401
13165
6003
30895
17212
5700
19665
811
22350
9664
2182
10703
3411
24604
13680
15193
2851
23969
11590
748
9831
14371
4631
2995
10667
3022
23539
18375
28596
29987
28392
7763
18707
12349
19760
9462
24570
15705
14760
2152
3663
11925
24196
26721
23039
760
19521
10934
2965
12979
25820
2501
4875
20646
1858
25108
11999
25894
3847
821
2410
26110
31834
2029
16494
28595
22585
31125
2798
9229
10465
17087
28994
20946
2697
13597
19306
18901
16463
9887
31139
1327
20851
27100
2872
205
1731
9651
18331
29227
23638
20530
19892
14686
15229
20662
15737
13400
4343
3412
8127
22376
4964
26488
79
12032
19964
27596
28221
11963
17281
14684
22133
29086
15730
25591
27799
20383
7042
21976
5637
27747
14153
29830
2874
9036
12344
3320
9053
29875
13266
19197
32277
22642
5657
16347
32672
6566
20039
15414
21279
8115
11199
308
26420
18568
22339
3295
6351
14372
29799
1483
69
16728
30534
2552
5283
19407
627
25849
6465
23373
24883
29014
2458
7220
29161
10544
30554
6476
5329
10787
3769
32451
29425
12401
13576
3699
12621
19804
30089
10596
25691
23763
12420
4754
22454
32337
16535
20208
32278
5379
2638
18092
7552
4905
10740
2997
3002
5310
13224
27003
3842
3419
14771
8694
14079
3417
3352
31721
16888
25142
27757
1640
25156
5689
5354
13720
30722
4953
27072
15542
4874
27996
9643
18778
20771
5948
19147
1021
27766
1998
17584
31161
3650
4517
28852
21329
14802
29237
141
32113
25516
23604
27426
9783
2316
326
24478
13297
23440
24280
28355
6441
21813
21068
24194
10719
18562
14423
23496
22037
16643
7080
32410
28049
18425
14027
21604
20702
24912
19788
25742
13204
21713
8223
25425
21465
6041
319
1737
19240
27082
19094
12875
23633
31872
15389
27640
25281
13319
1348
20626
18180
23115
32148
31119
7304
21903
20627
2412
19620
14178
8424
21060
29400
14287
26303
19105
20055
28885
3439
17554
27842
28183
5210
6910
29239
25811
14101
18743
8842
10264
24778
8402
4050
11572
28378
4535
4648
13420
1734
14452
27819
27121
847
9943
17352
4879
15580
6843
18616
7078
12573
5922
15945
6110
19950
4996
15074
3607
25470
13671
19393
7455
432
18480
23944
21160
17601
26425
3576
17913
21804
3619
19196
19171
7882
878
25321
20727
830
20806
27140
17142
2960
16544
6469
31369
23832
2694
2650
7218
30110
13231
29935
28547
29375
18003
20781
1934
26770
24125
896
20380
2956
15138
30110
20514
12705
19761
16581
16368
28332
28651
19779
13740
20497
18229
2876
3455
31649
29356
10408
22286
13758
2872
26779
24492
4799
7908
32713
11469
22422
7917
6729
31422
19887
29720
28313
5012
3612
11593
483
4707
2032
31826
382
26288
17896
29961
21944
11304
14161
17053
20947
10898
37
18218
9549
4610
5240
22922
29285
18255
8978
5487
11738
21704
4958
29102
11254
21283
6787
4318
32459
24246
11216
34
2493
27882
18525
22595
28224
5612
29167
29954
13795
9893
17693
13996
23950
3821
32433
494
9735
32763
28753
29163
19899
20256
10335
28812
6076
28854
20765
10519
17414
8019
2837
2308
23814
834
18104
17164
32349
28211
24901
2178
30945
32561
2284
27878
30692
17109
11316
10168
3002
9145
30874
10378
15733
16176
11386
12633
4083
29236
16435
27421
4635
12960
10887
10399
26211
2208
17472
19339
25493
15461
3865
32710
13012
3101
25563
16641
3802
32290
19399
24207
2179
9073
2356
29043
29839
24159
4985
30910
26275
391
2573
4120
23954
23303
25325
29852
1243
32748
22590
19433
12147
27626
22836
24949
28612
18769
562
20005
28917
30012
24627
15899
30060
5131
872
18640
7825
18964
9506
3938
25045
27798
25843
5423
20212
16110
24848
1698
2934
4110
11770
25165
10108
19498
29022
14392
12217
22196
9273
29561
8383
16523
16447
25093
8060
11888
23678
28358
6916
953
32063
16878
15249
9545
6957
15242
17095
26815
9657
31834
16701
1006
1212
28896
17722
4238
23902
4791
26300
30768
7736
21542
21695
23672
5813
27125
18363
20358
7614
26495
32111
28853
2966
24841
8669
16776
2818
2130
18838
18145
1454
30571
24887
19060
12236
7625
13876
20604
30462
921
31956
5548
22646
22355
30589
10601
25179
31122
9010
30774
25711
31523
3418
23152
5104
16732
14019
31547
9916
17583
10214
11196
10680
7551
6765
30345
5745
21297
23538
1885
27652
8583
19978
15121
20284
10281
10114
27591
30203
14469
23272
19817
25051
13785
17997
28242
11796
15246
4170
12362
29857
32200
22081
19896
3742
6203
4069
16147
13301
16192
19453
5274
15929
1832
10853
6213
4818
13776
14165
19451
30811
21109
3045
6149
23368
26570
22481
15811
17868
11336
14458
25245
3834
1222
302
18237
1322
5449
22697
32507
6046
21533
20444
15257
17253
21285
21997
305
18304
13167
11646
22123
25668
30475
18226
17651
10751
9502
9581
15915
6878
29746
11612
14365
9230
28368
2358
5811
12834
18001
32705
13610
25781
18417
25879
9156
9552
10277
2218
28093
9614
6191
17542
31617
2173
23023
4566
25884
15176
17916
18090
18674
16659
30707
24823
31408
30247
5391
735
7810
3663
24826
1075
1159
21121
5347
15671
22658
25025
11473
28325
31186
31043
7991
27380
4004
2000
13000
25817
11623
4202
26252
1807
7040
8243
8244
14676
6207
23435
5291
14004
9490
26233
7917
22793
13305
11340
31004
15811
18746
19074
3025
10213
25942
8936
18352
17232
19259
22787
15679
11588
30395
16047
26360
26148
22333
29702
22940
4217
8883
16003
20171
8506
21708
23399
15826
25931
11882
20828
30404
67
18774
1369
29644
18546
5171
5829
21697
9251
19120
18143
14587
19486
15874
28509
27493
6001
402
19539
5332
13424
20466
7511
26775
29435
15382
25059
32592
1023
705
13563
21506
21055
4157
3087
5994
22613
3663
23842
19859
6131
3690
28716
27045
5743
9251
24509
23549
639
997
3300
18051
26433
31206
2639
19256
4222
19801
17075
10511
1071
25574
24175
6910
13632
14679
11372
11604
21397
32660
4679
32077
23883
31441
18354
5860
21824
28166
24855
25832
17109
11167
28031
26450
24306
7797
11187
9174
4683
24318
6816
1208
10466
10432
26880
6625
24269
17420
2103
28722
10810
14312
26235
29464
26288
22605
5176
3169
17816
1171
22707
30286
10235
10793
31213
29673
17805
24457
15306
25496
17643
11115
23154
24563
10529
19513
1016
25299
14447
5060
5434
7851
16461
11061
7688
540
23212
21318
28808
6595
6271
29874
16344
17494
13690
5353
4598
27887
14617
777
2269
16295
10469
20746
18161
3175
12275
27960
29341
19451
24493
28647
7483
31592
28116
29026
4404
16768
5062
31780
19304
4787
29437
28491
9168
18216
8921
25929
26977
22285
19359
29405
30004
12587
29377
21058
30949
24509
23648
20134
3129
28546
9743
989
15875
19729
32474
18007
11336
3181
8327
18255
26529
20185
28187
18758
9697
15085
23456
30896
2040
15082
806
15597
30487
30027
2824
5498
23829
13212
16752
22377
15378
11151
4381
24334
26970
24141
13156
2556
28555
522
17269
3376
23547
10716
5856
31627
31572
8141
32600
4230
18817
9519
22966
4897
6350
3375
3649
25884
13386
26029
26156
4714
368
8779
23136
29923
25863
32196
16252
16441
28487
1408
29466
2605
4925
869
28245
8962
28017
14831
24968
21042
24005
9859
15703
19297
30880
15872
19700
28559
4940
22424
17819
11921
28573
14814
28511
7362
19156
32287
19241
4342
21442
15862
23038
24239
19505
16155
27008
148
22911
4476
2488
18206
18572
21391
4114
24469
18647
4326
19369
18235
25315
28420
20165
32455
11744
7279
29090
4628
2183
13830
29300
18459
22854
5781
22183
3871
6557
17575
29035
31015
12488
29339
13168
23729
24990
17658
10222
28069
20409
21256
17129
25224
24535
5529
25779
31218
30592
14374
14002
29762
24553
32
17763
21904
20505
16004
31647
995
25162
32688
25374
5540
30866
28021
20025
25683
21698
5997
20212
14201
26511
5519
7995
7134
6895
14592
24172
15099
7110
16172
18454
18098
26306
15126
18433
19773
7299
10476
3950
2405
24832
24543
3999
756
18982
22066
32154
4972
8642
27536
17195
8953
32416
11682
296
12709
30964
19169
1784
203
32250
10153
25430
28878
1754
18831
29267
26378
14030
3317
3226
20491
9350
22748
15352
4605
21196
17657
6428
868
7268
26122
13979
14862
5942
13418
15671
17989
12975
16611
7520
11849
5476
11204
31227
15869
32248
4660
12387
32480
11072
26054
8621
27711
4006
25166
8497
14249
21451
5618
11333
12708
27761
12164
20300
10910
18327
1807
23536
24614
21733
5295
21675
19036
27979
18854
12684
23974
24038
32685
25144
5285
6691
29320
12591
22120
22822
30685
27728
3295
8813
26950
30368
32658
3504
29861
10055
18066
14860
18104
6619
27056
16481
17389
21473
32750
9465
17271
25489
25395
3178
161
23514
19523
14269
13922
20902
27373
3023
6450
15967
20103
10232
8989
27570
12951
20459
26134
19603
979
11485
22669
26497
12620
10730
20548
13835
7654
28596
8030
7571
17931
17229
1977
25938
28064
19543
30845
19868
27192
1641
18933
11365
23944
25013
27550
13061
29724
22248
14462
16696
31816
29266
26039
26985
26976
6727
16220
2608
5931
5317
10115
8473
24982
4182
2972
15015
25766
13368
17409
9112
30896
31676
4558
16235
16076
24812
12018
10272
20871
6768
9350
31551
28120
28851
23390
30747
10326
28225
6878
21336
679
28532
27151
25515
30012
21839
1778
3041
16699
24490
26645
1571
7869
29327
31843
29816
6970
19173
7488
23179
15425
26187
26326
25775
14957
8775
27305
8224
26772
22176
28786
2187
6977
28424
14634
3793
9317
18430
30821
32009
14153
21235
30689
23492
18631
17836
6495
15508
16314
22759
10929
3535
2483
23105
16405
23440
26606
5463
2241
8703
2180
22572
20927
5330
16353
5835
11003
20
30329
29229
25243
9765
7863
9820
19086
16131
18230
9177
31848
31943
7476
22587
3949
14707
29508
27162
29931
12778
8258
27691
28366
29248
19084
19372
21614
22324
29551
32259
6571
18683
22240
12706
19516
4928
29549
1581
31556
32360
20083
4063
15654
3610
18576
10794
18331
2303
5723
23965
19970
11718
12627
23819
6647
14700
21782
24042
4646
8890
23764
20473
9057
12047
5378
14374
16369
17503
21843
12974
26922
7292
30436
24710
30531
15764
31414
17402
4964
23547
29794
20628
6143
2347
3336
12863
19300
21514
12937
4012
10384
15979
18166
19445
10822
11222
25672
2944
19554
11660
2129
39
14185
20422
15602
16533
19044
19518
4239
12019
30447
17904
29376
12997
9101
29218
18761
18958
2110
21154
20813
13755
14676
25935
8382
17726
21634
27866
23576
1402
1078
14030
29775
22239
19752
718
261
11990
23091
28446
2817
2143
14949
3686
23261
18424
17746
2738
8190
5826
6573
31164
970
30943
27161
18030
32020
8990
3132
21411
30683
21466
32277
15406
9525
13087
21904
21533
1926
32271
20056
20287
3829
388
27117
12515
23073
10231
22006
26851
28431
7841
3288
16865
104
21983
25735
1233
4833
24795
32669
30135
5882
30825
21673
3506
19179
9519
16329
5690
30939
21769
21115
2470
25940
24492
21936
23793
500
16009
12834
5821
14437
31732
13032
22424
24975
7557
22087
14207
15627
3518
8396
7328
31963
18671
9879
28516
14681
20823
16122
20397
24942
11916
5699
12125
31492
31773
4565
30231
18366
19317
14974
4681
8678
23810
8452
7018
9639
29847
28929
27008
31356
19727
9713
17894
20712
28468
5770
6476
26728
28639
19020
15103
12710
22880
19800
17771
24815
17439
30341
5086
1255
25220
21425
19854
30075
1045
12373
8670
12056
21470
27228
6621
28186
22038
2358
8975
7816
26879
19240
14193
29694
19726
7398
18103
15850
30796
12131
17624
19451
14588
8168
460
30423
27518
26212
11924
8461
18291
32259
13180
17482
2082
31745
15261
24271
29723
2241
6565
21794
2073
28441
27099
7172
18733
13808
5469
16036
537
30732
6828
5394
28666
28197
16235
16118
8747
24382
3940
13954
4453
27445
19660
4005
12843
25496
13768
14210
1637
9914
17200
18464
29259
12550
17554
17507
22660
22676
32122
20539
16783
26362
10224
14619
4707
1381
67
25261
5714
12008
15877
27588
24627
7443
7767
8082
18112
25288
25447
1819
61
10570
27958
12009
8539
17303
20383
29953
859
3064
2453
29463
21878
16342
16812
22782
23933
19919
11226
19298
11197
18953
31871
6841
17957
31942
3236
26231
3755
16185
4992
129
26859
6809
6465
9445
25361
23923
1801
22984
26106
6980
30774
2976
12438
19015
12518
14755
8849
29580
23994
18046
6706
10570
219
16715
27011
14198
12347
15037
9906
17044
2334
31390
23479
18638
31960
10620
22839
14659
23256
17055
12456
5537
15333
25150
6583
20982
12968
17394
18150
26307
25963
1386
28026
18771
29984
353
1172
15946
21925
22221
32670
14977
31558
28761
2024
17937
388
8214
31123
5550
12052
9069
10159
20023
31531
9049
11168
9866
30713
1235
17350
23453
18035
7565
1373
10955
30550
8418
26017
18027
32105
22797
24118
30887
5378
154
12488
26764
17611
20507
3567
13661
23494
5148
9045
23597
4239
24409
21786
7084
9698
11566
9847
19010
14428
2126
5538
21082
6534
2488
28402
18689
23567
17383
23364
21167
30041
28233
11677
19044
6200
25843
13329
24311
11510
20627
4067
6827
2714
2726
22765
2308
21865
4587
4162
28377
9902
8983
9747
18601
25015
18890
5839
819
23072
32194
25486
8768
12116
8271
27056
18884
336
28166
24001
23845
25258
14522
28064
10459
11218
32168
19937
19001
5017
11250
13935
18826
12527
12111
4726
6752
18929
4864
26496
30249
5155
20742
14302
17667
18937
8594
25673
2258
14749
24253
20681
32399
12524
20601
20694
27107
27329
29895
7869
16116
24951
6187
25158
7807
10921
21085
2708
22567
16444
15170
32588
26380
23200
27674
27898
7328
16466
8443
12464
28086
11942
3710
9968
5596
16323
16312
25035
1259
29167
4204
2635
19164
13325
6014
28943
30173
7011
5547
4661
5796
9889
15480
4221
24324
12831
24936
27562
3774
359
29042
30252
8857
499
14514
19965
31157
11064
21087
23753
25884
8163
21757
9041
21914
29794
3796
21521
7119
16038
26272
288
28290
21287
13450
24921
11064
21289
10071
28856
1285
28734
2528
28678
5539
2317
31938
1977
1217
849
30806
4630
14749
1829
10980
20632
19157
32638
1811
4245
8315
1017
5796
799
31847
4055
25952
19497
23761
10821
6223
3306
27935
25569
1323
28039
30971
19835
24084
27116
5545
19480
17797
26106
30103
28221
24199
19688
6710
9834
11557
16355
22537
3812
23327
6136
24828
6839
13539
16180
18678
22524
29368
9482
14513
10072
8765
20980
17098
3269
17426
24157
3860
32149
29141
20671
20530
20404
8272
9993
14181
11821
20976
3907
23202
14063
19833
4980
16616
9682
11513
15556
2256
12501
22779
29150
23910
31145
17404
5272
11575
14452
31267
8918
22443
975
22828
24235
17557
23056
1190
16834
6665
20431
27230
16381
1134
1955
27419
7515
17619
22317
31627
23327
31111
15704
20862
47
21731
3550
29010
16570
13931
30223
12206
18717
23062
16078
31604
12296
4585
28636
1008
21468
15818
14425
3926
10072
30100
16519
5483
12661
6503
18642
29314
17550
15426
14861
18090
12484
7379
2815
21798
30113
8333
7966
30749
14076
1276
666
31891
31004
15189
10141
31384
26656
8786
2258
32191
11933
4668
21796
4562
8074
28489
2248
1988
14169
13865
6013
1767
14439
14044
3090
15967
26262
29126
16681
19159
9784
19205
5948
9331
560
2050
19421
10501
23891
19270
22082
5763
21269
656
27904
2489
2913
31524
6423
21819
1480
4197
31279
17566
8158
10406
8225
8167
23265
29758
7609
836
9372
8922
14523
24314
10123
792
23331
13215
26176
16465
10673
24201
9733
12981
25509
2694
27843
30110
28616
6349
5667
14366
15019
5685
17394
31706
18995
4261
11722
13852
10837
24780
5103
1827
5919
15378
22903
31678
2040
8910
2478
3353
40
32441
19640
21206
18587
1443
3960
7007
30433
13412
25265
24187
25978
30230
21867
15904
337
19329
20121
2441
4230
1751
10744
30343
22128
28578
7226
1308
14563
25338
8804
16710
19118
17403
117
22297
24424
20598
4936
11536
3181
11751
31163
30885
15139
17063
22801
287
12418
12131
16533
1196
11731
31949
28800
29615
3767
20881
2077
30299
2156
17547
24363
28801
28236
7991
3715
30630
8086
9321
27643
28505
625
12094
32137
16324
12334
15954
10156
23168
14030
16179
6919
430
5060
11798
17743
1347
19452
24009
18792
27299
17691
31721
17099
12914
17417
9557
22571
12454
13485
7906
24920
10977
7927
1617
9315
12543
27940
3966
28163
25578
26429
8665
2359
7862
2017
27162
23085
13802
3653
13361
8291
16667
29049
8572
9228
8896
6381
3901
21173
16961
32307
16715
3880
11345
7174
9480
14481
3454
20108
16530
11487
15110
2264
8766
19053
15853
947
25666
13538
5196
18844
6321
24918
7404
17421
12717
11702
24851
11776
14808
1897
12446
4018
28939
25907
17488
10151
8523
6234
23146
25838
16376
14600
380
22182
12104
12785
1402
13505
13300
12085
13074
26120
29489
29832
25917
10079
3298
24208
4373
14411
9740
5006
17382
12465
30602
10049
18311
25569
13570
13832
24811
29906
24599
15174
23795
32687
23520
9994
24454
31891
21657
30448
10468
16274
20377
22082
17719
14840
30596
2403
23148
24789
30914
10350
2112
23737
560
27930
3742
26300
15893
6113
11816
30401
22359
12385
30484
9980
24303
9474
31289
28850
9626
3545
4201
9792
24017
5836
11266
20063
6652
21751
26816
17574
31459
2895
19925
17233
8805
8837
30268
14912
15980
22574
4938
5955
16416
26912
32134
25492
4955
15135
18362
23205
27229
18873
2122
24092
29122
23150
19653
27420
177
15380
27578
29895
6485
5498
10445
18433
19857
1868
24329
23670
23535
9526
9592
14046
6362
2636
8689
16512
30734
3242
32306
14324
19020
21591
13103
7982
850
22896
7849
19128
7178
3458
5889
30271
25858
13367
29007
593
23836
12085
11695
16229
24711
16707
15835
27164
17389
3245
6655
15558
12270
20714
6088
14888
20686
11133
14270
5501
11882
24601
23765
23482
16497
27656
8766
16918
4816
26830
17283
15818
3694
521
19155
18709
14874
667
31131
31108
1986
15627
8022
19312
485
21289
21157
18120
27978
8433
16546
24849
13043
20146
1649
16554
9805
20080
18713
17749
31657
18566
32658
31219
751
15247
8992
21391
31377
21383
14815
24990
3775
15406
28574
21381
22746
29357
12528
30556
29482
23164
31873
5618
29907
6531
24231
20497
27141
32640
19257
24835
7284
31912
18852
27220
16392
27537
10043
11482
22485
12879
9167
21235
26445
32478
19584
12302
17332
8896
30930
6509
6613
20966
7684
15401
31732
18644
27805
5238
3075
7681
27719
27176
5657
17020
2528
30326
12063
30165
19407
5886
11213
12603
8340
12810
981
19938
31651
12306
30045
27304
13427
11906
31923
21751
23506
20412
29756
30957
31611
19553
28846
7354
29674
10701
11647
27466
27759
14816
7582
4645
2434
18436
29792
30355
23894
5995
15037
17923
18097
5785
17596
26029
12794
27683
6956
1399
28820
16566
11669
23061
6762
27226
24686
17013
11723
23800
19344
23642
24953
1050
15595
19527
23804
27123
21368
15518
19260
20383
18030
22537
31567
6828
11449
17177
912
15320
22696
22829
6897
29468
7142
12438
7314
5354
1963
10744
27026
13492
32051
3827
7461
22701
8816
1027
18150
6867
3836
20901
8047
23341
17745
18620
27431
26449
19516
17970
32604
15146
31887
6626
7570
16120
22295
21686
6426
9880
30413
16908
31462
22022
29520
4191
6043
28448
18323
27939
19432
27821
4307
6128
21271
28317
14797
12515
27617
7058
26157
17986
16263
15264
12873
25950
16158
28753
6927
12990
27434
11757
8764
19833
14703
23032
720
484
3332
13051
2494
3949
29865
25992
26343
1479
9050
29304
2633
32072
22309
19063
24948
11919
8760
17091
2366
11625
19006
18224
18360
19190
12780
28016
25185
25351
214
19857
9369
6347
32136
17351
10840
18091
19922
32620
17183
9586
4451
837
303
28337
2713
31495
18682
32354
18840
2585
29911
14283
3482
30620
24825
12709
20614
23465
29602
28030
12483
12761
30100
7772
11598
29963
20169
17059
26634
10337
31587
5432
25176
29068
19686
6631
26600
10314
19365
18690
7119
32556
19578
7755
23513
10653
3770
3860
28192
8992
30312
11173
11485
31705
13993
28638
9343
20047
120
1822
22522
17008
2459
1891
8034
16854
32726
26546
21688
16712
15454
13753
17156
17284
19344
20147
2979
31035
7395
8076
30179
8798
28444
12357
23757
5272
19649
32411
12098
2844
11471
27619
13898
9120
2991
16953
5544
11433
4199
5337
15026
10506
4622
32717
11615
11431
4482
2761
30626
30335
31581
13139
5878
27626
17956
25126
11322
22814
16578
20441
24000
6904
9525
7356
8097
5626
17288
8195
22099
7824
22785
12838
1917
13975
26523
30343
3337
17439
8630
26710
32379
9584
15886
11953
17538
17996
18410
31760
2765
6772
16278
31969
1056
8558
7954
6511
13479
22404
5900
3848
13962
14352
6156
9311
11457
13559
31727
32047
22570
18292
25494
20769
729
32279
7391
2544
13743
11277
9428
3275
27694
7585
6691
13051
14987
30211
13263
13765
6661
6728
4132
4498
20342
19891
28656
9293
8232
25395
12784
2829
18665
10284
8841
756
27490
27770
29624
20823
26020
19380
29004
30494
18436
7085
17747
13166
23849
9281
24786
6534
30819
1102
23737
15847
32318
26624
26389
16056
23384
29778
4232
11112
23919
3025
3574
3989
8894
20643
17026
9517
5002
1993
9657
29139
6648
16801
23052
21380
3105
27567
1924
16506
31848
12188
20145
15952
25612
17279
26596
21608
23545
3932
17054
32138
22500
19434
14663
23757
6038
32410
11555
14779
17032
30420
7811
1968
25009
12420
5432
31875
11164
16341
27981
31336
22205
10812
23542
20757
26117
20665
16579
6692
9140
20314
5913
13497
15983
30208
7139
9316
15506
15973
31621
22345
14791
25438
7185
6014
8920
32094
22462
11188
25537
18492
15254
27418
15370
30262
7790
18558
11603
13365
9243
6325
14385
17235
227
6206
23352
19354
4402
29730
2137
19470
6542
23070
1135
19438
17101
21508
25876
12600
9862
29279
8377
24683
32709
2646
25846
2448
21507
2771
10014
18043
10325
11492
8983
28239
5859
865
15464
16960
22684
11727
30100
22429
5928
12932
29095
25357
6942
17420
13326
18713
10872
30156
4779
6122
11076
9189
3625
20052
24220
4699
1165
5140
18391
1911
29198
18262
5121
25961
13351
891
5513
1842
746
1304
10298
25793
5271
3906
4460
16988
8045
13833
12412
28482
11712
12866
4985
22415
30796
8842
17440
27999
15049
23943
24843
11574
14016
14705
22309
16800
22684
27857
20321
2580
13060
27785
9388
2334
17512
27413
30240
32190
15066
23824
10618
11275
10784
9978
29134
6427
26631
22584
11897
15911
762
5980
13912
30443
1746
9127
25399
12108
1008
4044
29068
5181
3209
6647
2150
19427
7234
17678
32160
30967
7677
5943
10842
3437
1010
8602
25513
12371
9729
13672
27534
15099
23110
27164
28197
4444
31727
22785
24351
22966
21578
12788
19314
22389
6690
3435
29519
27992
31564
8118
16469
2770
25725
12677
27652
2225
31583
427
27252
14589
32483
29729
27975
11811
472
12878
4828
32082
13245
8325
5573
38
11219
19664
4220
22916
27255
15084
10577
16837
1199
12692
15015
24086
11779
27907
19296
10014
5262
23220
27542
8930
17236
17004
18828
30182
32470
122
4836
3989
20452
13629
30226
30179
12467
3560
22544
29745
4143
2690
4691
12657
8082
25905
19711
29066
7734
32439
18775
1534
6055
29757
12407
12746
18429
16976
14917
1166
6761
6441
16549
28909
30221
17969
4844
8759
19729
22212
7576
21829
8691
22581
14910
14501
30494
22803
15299
6136
23743
4011
2767
22167
4308
18894
26239
32125
25989
2517
7514
24673
25016
29921
21127
7714
20448
30312
9021
104
12053
15597
16506
32393
14954
29710
20728
26537
31355
24516
12125
30758
5445
15591
22705
24115
20539
2800
7958
29122
30870
8963
29875
9128
9708
16429
25330
26619
2820
23786
491
8127
18665
2538
1056
17858
30781
8724
10858
25285
23760
32716
13363
3292
30577
6001
8166
30232
27140
6954
20388
20066
25045
3043
26169
31914
31788
23442
28750
29506
22818
1215
11743
9092
20658
15171
4080
21691
32275
6736
15996
25153
5445
29617
15023
9444
14059
9299
29013
2958
13912
4613
20881
10022
1516
13948
15314
11697
15777
23450
23811
14525
28641
27888
18946
17151
16539
641
28500
10555
29333
2248
10519
12900
24324
10749
5943
25349
2906
23701
485
8159
20831
15112
25157
25555
19843
2262
25447
3331
1906
2252
28537
1333
2282
2179
7483
18808
22217
17707
4531
5385
107
3462
10785
13175
14642
17719
565
15878
12390
11581
10880
18513
6976
5563
9001
16436
9537
23802
28385
1257
15048
24496
21016
31089
25060
16003
4721
5686
5479
7369
19060
15854
22076
15506
9604
22978
26362
7144
6160
176
26040
30549
26637
11822
14372
21926
6563
19472
32207
239
5158
5035
31947
4303
4937
2619
15480
27125
14478
7298
17051
22243
20737
7602
9904
7666
8998
11661
28546
14487
22832
18891
28408
4068
23411
3772
4146
25170
12060
27438
19412
14013
11552
19345
13986
176
9586
89
24142
23011
17017
25508
26765
29954
16577
541
10352
11696
20209
19232
7666
22988
10749
3103
5070
16371
18844
15172
20371
22342
12541
21847
2041
13421
14261
21219
5494
18396
24317
30868
4365
20820
1818
1764
21863
11437
6428
3318
5668
23508
30923
25282
371
29200
21215
3699
8160
17545
7023
6413
26222
1034
20652
5715
12006
9222
21967
25576
2670
13017
31312
25524
8797
1873
345
13705
6990
26477
15738
13319
11892
3172
5278
14525
27949
10217
62
27536
25305
20142
24020
8545
2284
27687
9107
3562
16706
9104
19797
19689
19123
16945
5589
1665
25576
9953
20510
13021
4204
17097
30019
16662
13318
5994
14929
9559
30791
21986
17026
4671
12383
874
16819
24966
12085
18212
8984
28644
17334
17684
2095
28718
20332
10859
13298
31171
11091
20236
13905
22054
20201
4169
27615
20972
28037
18669
9676
5337
32233
2688
3603
17734
24602
31686
7156
31429
5488
137
11429
17416
16105
3736
5189
17407
21954
21520
15121
10817
21065
4826
6874
2733
13549
21877
12471
22609
9623
24822
14071
1931
7485
2125
15193
7021
19892
17609
25984
8806
15301
14303
417
26143
16260
31271
9087
21156
24285
23463
30105
22724
13936
31060
2209
20410
25759
19414
14129
6669
10980
5004
29114
4532
14696
17872
1725
32638
22738
24444
15165
8625
26205
16556
18292
1521
22062
30150
3013
14948
12260
4536
4594
6676
14704
32129
11919
14485
17447
24819
22198
12519
20501
2231
32253
23453
31125
28049
4261
12351
25887
16613
24084
21998
7520
8827
1925
10054
6032
25471
18175
11657
20992
31436
8835
22265
16626
3690
24458
27781
32174
13908
19119
2728
27602
23679
10152
8591
18666
24089
23930
16506
23104
21006
13037
12388
11510
6353
12094
8678
7249
6489
29461
29273
4696
20330
7606
19515
13982
3861
4731
9939
32604
8578
12930
26904
22722
7917
24227
13264
22159
10735
21925
5877
9184
28671
17073
13916
9541
4920
4102
8601
282
24925
20975
25373
533
31770
24050
2721
2075
22156
25163
14024
31576
11268
4505
25087
30094
21512
14038
30376
5549
6043
17804
28281
12709
27583
14918
286
23160
13623
24389
9766
26259
31121
18805
28188
30302
8548
8608
30452
10002
12247
3552
32682
26571
4962
20314
24357
9438
29657
26665
25185
15724
8614
23961
21965
30519
2645
27286
15858
25781
22103
13924
854
29027
5119
25488
5536
2140
5073
2854
18940
2346
23036
30756
30913
32476
18725
14127
7762
19800
27238
20101
834
18675
30359
12851
12219
27711
1228
18568
11808
8228
542
4809
24817
18995
22191
20006
28655
5430
23528
8429
4225
10252
2053
10238
11607
16052
29396
30847
12621
22951
6073
27088
31122
30571
30966
15297
13065
3173
2089
27907
9967
11503
30742
21981
15039
7594
23463
23328
10066
15893
13873
19805
11083
351
24825
18517
15538
27002
27127
9905
32223
14449
20442
24052
31130
19451
16204
22189
27264
22352
13686
5361
4521
28475
11207
17672
24711
7281
12529
103
31249
26657
4917
24286
20257
5836
32737
10259
23067
1367
15383
14639
15824
23647
23247
29399
19362
3532
5151
17246
13544
20649
8635
8505
27540
3891
17592
2483
30227
31535
22677
22498
14964
15489
6011
2009
1229
28155
29636
14879
19674
23667
10939
2912
32488
15384
29858
5219
19441
18438
30202
9788
17673
23
22014
5827
17912
30972
7793
12612
29481
29325
18585
8056
20163
10334
7052
24244
10517
4243
16298
5473
28727
31989
11115
23724
8942
21061
19803
21118
27345
18896
5986
1967
8618
28995
20297
7799
17951
23745
18554
11557
9106
16179
27399
14611
12613
23775
11246
24025
27842
3133
23196
29889
13178
14597
26543
20603
24492
7565
2304
24850
11400
9810
24289
21535
9621
13268
32419
1341
9552
11944
1628
21180
10006
8648
7654
10906
28739
20269
2347
25518
21660
29344
12192
14119
6634
9933
15632
28213
16104
8345
16283
6150
10591
13493
26366
23540
32656
23411
18709
15357
12498
9945
20382
23411
29052
24309
13119
7668
11781
14447
10187
12957
14698
22885
7617
24443
15056
8306
15637
8514
7787
25104
32051
29506
3486
4129
32322
21398
12900
32712
1957
22431
18926
16765
20424
25777
19086
16225
28953
24843
8403
5582
12372
28941
18422
23091
30724
5285
16756
17439
11591
14603
12285
27803
16849
4782
6541
6077
10035
21358
5337
15482
1885
4363
26092
16060
26210
28637
19986
4020
4476
26054
4853
10354
32592
10598
262
4787
1395
8589
27934
29690
1836
26870
31077
20194
380
14898
8564
28338
6235
22498
20918
12594
2373
17705
3604
8893
9973
25185
27601
8344
17009
16909
25266
30082
9542
18959
14691
9356
277
29980
4374
22059
30798
18540
21613
7052
9276
20918
3482
31783
15426
16731
26565
407
16996
29922
24493
13737
22792
1444
26515
18099
9726
12232
596
17959
26303
9586
6613
13671
6642
8760
5283
21723
25141
21206
28379
26946
1561
25890
23112
27461
12654
21570
10700
21842
23490
17692
3073
935
30756
1806
22815
23213
21038
3295
30753
10120
15426
29174
7971
28396
29459
24522
29455
7730
23143
26522
19064
21163
30492
9310
6086
11060
